v1	I(D1)
0.000000000000000e+00	0.000000e+00
1.000000000000000e-02	1.472002e-14
2.000000000000000e-02	3.166791e-14
3.000000000000000e-02	5.189521e-14
4.000000000000000e-02	7.694982e-14
5.000000000000000e-02	1.091102e-13
6.000000000000000e-02	1.517304e-13
7.000000000000001e-02	2.097474e-13
8.000000000000000e-02	2.904285e-13
9.000000000000000e-02	4.044713e-13
9.999999999999999e-02	5.676225e-13
1.100000000000000e-01	8.030613e-13
1.200000000000000e-01	1.144908e-12
1.300000000000000e-01	1.643387e-12
1.400000000000000e-01	2.372429e-12
1.500000000000000e-01	3.440860e-12
1.600000000000000e-01	5.008874e-12
1.700000000000000e-01	7.312273e-12
1.800000000000000e-01	1.069816e-11
1.900000000000000e-01	1.567748e-11
2.000000000000000e-01	2.300232e-11
2.100000000000000e-01	3.377979e-11
2.200000000000001e-01	4.963953e-11
2.300000000000001e-01	7.298038e-11
2.400000000000001e-01	1.073334e-10
2.500000000000001e-01	1.578965e-10
2.600000000000001e-01	2.323207e-10
2.700000000000001e-01	3.418686e-10
2.800000000000001e-01	5.031187e-10
2.900000000000001e-01	7.404744e-10
3.000000000000001e-01	1.089858e-09
3.100000000000001e-01	1.604146e-09
3.200000000000001e-01	2.361175e-09
3.300000000000001e-01	3.475519e-09
3.400000000000001e-01	5.115830e-09
3.500000000000001e-01	7.530367e-09
3.600000000000002e-01	1.108457e-08
3.700000000000002e-01	1.631635e-08
3.800000000000002e-01	2.401753e-08
3.900000000000002e-01	3.535368e-08
4.000000000000002e-01	5.204049e-08
4.100000000000002e-01	7.660348e-08
4.200000000000002e-01	1.127602e-07
4.300000000000002e-01	1.659827e-07
4.400000000000002e-01	2.443259e-07
4.500000000000002e-01	3.596465e-07
4.600000000000002e-01	5.293969e-07
4.700000000000003e-01	7.792656e-07
4.800000000000003e-01	1.147064e-06
4.900000000000003e-01	1.688446e-06
5.000000000000002e-01	2.485319e-06
5.100000000000002e-01	3.658229e-06
5.200000000000002e-01	5.384562e-06
5.300000000000002e-01	7.925309e-06
5.400000000000003e-01	1.166439e-05
5.500000000000003e-01	1.716635e-05
5.600000000000003e-01	2.526100e-05
5.700000000000003e-01	3.716713e-05
5.800000000000003e-01	5.467308e-05
5.900000000000003e-01	8.039890e-05
6.000000000000003e-01	1.181746e-04
6.100000000000003e-01	1.735811e-04
6.200000000000003e-01	2.547116e-04
6.300000000000003e-01	3.732220e-04
6.400000000000003e-01	5.457317e-04
6.500000000000004e-01	7.955953e-04
6.600000000000004e-01	1.154959e-03
6.700000000000004e-01	1.666791e-03
6.800000000000004e-01	2.386216e-03
6.900000000000004e-01	3.380104e-03
7.000000000000004e-01	4.723664e-03
7.100000000000004e-01	6.493399e-03
7.200000000000004e-01	8.757262e-03
7.300000000000004e-01	1.156476e-02
7.400000000000004e-01	1.494047e-02
7.500000000000004e-01	1.888308e-02
7.600000000000005e-01	2.336953e-02
7.700000000000005e-01	2.836180e-02
7.800000000000005e-01	3.381396e-02
7.900000000000005e-01	3.967773e-02
8.000000000000005e-01	4.590630e-02
8.100000000000005e-01	5.245642e-02
8.200000000000005e-01	5.928934e-02
8.300000000000005e-01	6.637099e-02
8.400000000000005e-01	7.367174e-02
8.500000000000005e-01	8.116601e-02
8.600000000000005e-01	8.883177e-02
8.700000000000006e-01	9.665000e-02
8.800000000000006e-01	1.046044e-01
8.900000000000006e-01	1.126807e-01
9.000000000000006e-01	1.208668e-01
9.100000000000006e-01	1.291519e-01
9.200000000000006e-01	1.375268e-01
9.300000000000006e-01	1.459834e-01
9.400000000000006e-01	1.545144e-01
9.500000000000006e-01	1.631136e-01
9.600000000000006e-01	1.717753e-01
9.700000000000006e-01	1.804946e-01
9.800000000000006e-01	1.892671e-01
9.900000000000007e-01	1.980888e-01
1.000000000000001e+00	2.069561e-01
1.010000000000001e+00	2.158659e-01
1.020000000000001e+00	2.248153e-01
1.030000000000001e+00	2.338015e-01
1.040000000000001e+00	2.428223e-01
1.050000000000001e+00	2.518755e-01
1.060000000000001e+00	2.609592e-01
1.070000000000001e+00	2.700714e-01
1.080000000000001e+00	2.792107e-01
1.090000000000001e+00	2.883753e-01
1.100000000000001e+00	2.975640e-01
1.110000000000001e+00	3.067755e-01
1.120000000000001e+00	3.160085e-01
1.130000000000001e+00	3.252620e-01
1.140000000000001e+00	3.345349e-01
1.150000000000001e+00	3.438263e-01
1.160000000000001e+00	3.531353e-01
1.170000000000001e+00	3.624612e-01
1.180000000000001e+00	3.718030e-01
1.190000000000001e+00	3.811601e-01
1.200000000000001e+00	3.905318e-01
1.210000000000001e+00	3.999176e-01
1.220000000000001e+00	4.093167e-01
1.230000000000001e+00	4.187287e-01
1.240000000000001e+00	4.281530e-01
1.250000000000001e+00	4.375892e-01
1.260000000000001e+00	4.470367e-01
1.270000000000001e+00	4.564951e-01
1.280000000000001e+00	4.659641e-01
1.290000000000001e+00	4.754432e-01
1.300000000000001e+00	4.849321e-01
1.310000000000001e+00	4.944304e-01
1.320000000000001e+00	5.039377e-01
1.330000000000001e+00	5.134539e-01
1.340000000000001e+00	5.229785e-01
1.350000000000001e+00	5.325112e-01
1.360000000000001e+00	5.420520e-01
1.370000000000001e+00	5.516003e-01
1.380000000000001e+00	5.611561e-01
1.390000000000001e+00	5.707190e-01
1.400000000000001e+00	5.802889e-01
1.410000000000001e+00	5.898655e-01
1.420000000000001e+00	5.994487e-01
1.430000000000001e+00	6.090382e-01
1.440000000000001e+00	6.186339e-01
1.450000000000001e+00	6.282355e-01
1.460000000000001e+00	6.378430e-01
1.470000000000001e+00	6.474560e-01
1.480000000000001e+00	6.570746e-01
1.490000000000001e+00	6.666985e-01
1.500000000000001e+00	6.763276e-01
1.510000000000001e+00	6.859618e-01
1.520000000000001e+00	6.956009e-01
1.530000000000001e+00	7.052447e-01
1.540000000000001e+00	7.148933e-01
1.550000000000001e+00	7.245464e-01
1.560000000000001e+00	7.342039e-01
1.570000000000001e+00	7.438657e-01
1.580000000000001e+00	7.535318e-01
1.590000000000001e+00	7.632020e-01
1.600000000000001e+00	7.728762e-01
1.610000000000001e+00	7.825543e-01
1.620000000000001e+00	7.922363e-01
1.630000000000001e+00	8.019220e-01
1.640000000000001e+00	8.116113e-01
1.650000000000001e+00	8.213043e-01
1.660000000000001e+00	8.310007e-01
1.670000000000001e+00	8.407005e-01
1.680000000000001e+00	8.504037e-01
1.690000000000001e+00	8.601102e-01
1.700000000000001e+00	8.698198e-01
1.710000000000001e+00	8.795326e-01
1.720000000000001e+00	8.892484e-01
1.730000000000001e+00	8.989673e-01
1.740000000000001e+00	9.086891e-01
1.750000000000001e+00	9.184137e-01
1.760000000000001e+00	9.281412e-01
1.770000000000001e+00	9.378715e-01
1.780000000000001e+00	9.476044e-01
1.790000000000001e+00	9.573401e-01
1.800000000000001e+00	9.670783e-01
1.810000000000001e+00	9.768190e-01
1.820000000000001e+00	9.865624e-01
1.830000000000001e+00	9.963081e-01
1.840000000000001e+00	1.006056e+00
1.850000000000001e+00	1.015807e+00
1.860000000000001e+00	1.025560e+00
1.870000000000001e+00	1.035315e+00
1.880000000000001e+00	1.045072e+00
1.890000000000001e+00	1.054832e+00
1.900000000000001e+00	1.064593e+00
1.910000000000001e+00	1.074357e+00
1.920000000000001e+00	1.084123e+00
1.930000000000001e+00	1.093891e+00
1.940000000000002e+00	1.103661e+00
1.950000000000002e+00	1.113433e+00
1.960000000000002e+00	1.123207e+00
1.970000000000002e+00	1.132983e+00
1.980000000000002e+00	1.142761e+00
1.990000000000002e+00	1.152540e+00
2.000000000000001e+00	1.162322e+00
2.010000000000001e+00	1.172105e+00
2.020000000000001e+00	1.181890e+00
2.030000000000001e+00	1.191677e+00
2.040000000000000e+00	1.201465e+00
2.050000000000000e+00	1.211255e+00
2.060000000000000e+00	1.221047e+00
2.070000000000000e+00	1.230840e+00
2.080000000000000e+00	1.240635e+00
2.089999999999999e+00	1.250432e+00
2.099999999999999e+00	1.260230e+00
2.109999999999999e+00	1.270030e+00
2.119999999999999e+00	1.279831e+00
2.129999999999999e+00	1.289634e+00
2.139999999999998e+00	1.299438e+00
2.149999999999998e+00	1.309243e+00
2.159999999999998e+00	1.319050e+00
2.169999999999998e+00	1.328858e+00
2.179999999999997e+00	1.338668e+00
2.189999999999997e+00	1.348479e+00
2.199999999999997e+00	1.358292e+00
2.209999999999997e+00	1.368106e+00
2.219999999999997e+00	1.377921e+00
2.229999999999996e+00	1.387737e+00
2.239999999999996e+00	1.397555e+00
2.249999999999996e+00	1.407374e+00
2.259999999999996e+00	1.417194e+00
2.269999999999996e+00	1.427015e+00
2.279999999999995e+00	1.436838e+00
2.289999999999995e+00	1.446662e+00
2.299999999999995e+00	1.456486e+00
2.309999999999995e+00	1.466313e+00
2.319999999999995e+00	1.476140e+00
2.329999999999994e+00	1.485968e+00
2.339999999999994e+00	1.495798e+00
2.349999999999994e+00	1.505628e+00
2.359999999999994e+00	1.515460e+00
2.369999999999993e+00	1.525293e+00
2.379999999999993e+00	1.535126e+00
2.389999999999993e+00	1.544961e+00
2.399999999999993e+00	1.554797e+00
2.409999999999993e+00	1.564634e+00
2.419999999999992e+00	1.574472e+00
2.429999999999992e+00	1.584311e+00
2.439999999999992e+00	1.594151e+00
2.449999999999992e+00	1.603991e+00
2.459999999999992e+00	1.613833e+00
2.469999999999991e+00	1.623676e+00
2.479999999999991e+00	1.633520e+00
2.489999999999991e+00	1.643364e+00
2.499999999999991e+00	1.653210e+00
2.509999999999990e+00	1.663056e+00
2.519999999999990e+00	1.672903e+00
2.529999999999990e+00	1.682752e+00
2.539999999999990e+00	1.692601e+00
2.549999999999990e+00	1.702451e+00
2.559999999999989e+00	1.712301e+00
2.569999999999989e+00	1.722153e+00
2.579999999999989e+00	1.732005e+00
2.589999999999989e+00	1.741859e+00
2.599999999999989e+00	1.751713e+00
2.609999999999988e+00	1.761568e+00
2.619999999999988e+00	1.771423e+00
2.629999999999988e+00	1.781280e+00
2.639999999999988e+00	1.791137e+00
2.649999999999987e+00	1.800995e+00
2.659999999999987e+00	1.810854e+00
2.669999999999987e+00	1.820713e+00
2.679999999999987e+00	1.830574e+00
2.689999999999987e+00	1.840435e+00
2.699999999999986e+00	1.850296e+00
2.709999999999986e+00	1.860159e+00
2.719999999999986e+00	1.870022e+00
2.729999999999986e+00	1.879886e+00
2.739999999999986e+00	1.889751e+00
2.749999999999985e+00	1.899616e+00
2.759999999999985e+00	1.909482e+00
2.769999999999985e+00	1.919349e+00
2.779999999999985e+00	1.929216e+00
2.789999999999984e+00	1.939084e+00
2.799999999999984e+00	1.948953e+00
2.809999999999984e+00	1.958822e+00
2.819999999999984e+00	1.968692e+00
2.829999999999984e+00	1.978563e+00
2.839999999999983e+00	1.988434e+00
2.849999999999983e+00	1.998306e+00
2.859999999999983e+00	2.008179e+00
2.869999999999983e+00	2.018052e+00
2.879999999999983e+00	2.027925e+00
2.889999999999982e+00	2.037800e+00
2.899999999999982e+00	2.047675e+00
2.909999999999982e+00	2.057550e+00
2.919999999999982e+00	2.067427e+00
2.929999999999982e+00	2.077303e+00
2.939999999999981e+00	2.087181e+00
2.949999999999981e+00	2.097059e+00
2.959999999999981e+00	2.106937e+00
2.969999999999981e+00	2.116816e+00
2.979999999999980e+00	2.126696e+00
2.989999999999980e+00	2.136576e+00
2.999999999999980e+00	2.146456e+00
3.009999999999980e+00	2.156337e+00
3.019999999999980e+00	2.166219e+00
3.029999999999979e+00	2.176101e+00
3.039999999999979e+00	2.185984e+00
3.049999999999979e+00	2.195868e+00
3.059999999999979e+00	2.205751e+00
3.069999999999979e+00	2.215636e+00
3.079999999999978e+00	2.225521e+00
3.089999999999978e+00	2.235406e+00
3.099999999999978e+00	2.245292e+00
3.109999999999978e+00	2.255178e+00
3.119999999999977e+00	2.265065e+00
3.129999999999977e+00	2.274952e+00
3.139999999999977e+00	2.284840e+00
3.149999999999977e+00	2.294729e+00
3.159999999999977e+00	2.304617e+00
3.169999999999976e+00	2.314507e+00
3.179999999999976e+00	2.324396e+00
3.189999999999976e+00	2.334286e+00
3.199999999999976e+00	2.344177e+00
3.209999999999976e+00	2.354068e+00
3.219999999999975e+00	2.363960e+00
3.229999999999975e+00	2.373852e+00
3.239999999999975e+00	2.383744e+00
3.249999999999975e+00	2.393637e+00
3.259999999999974e+00	2.403530e+00
3.269999999999974e+00	2.413424e+00
3.279999999999974e+00	2.423318e+00
3.289999999999974e+00	2.433213e+00
3.299999999999974e+00	2.443108e+00
3.309999999999973e+00	2.453003e+00
3.319999999999973e+00	2.462899e+00
3.329999999999973e+00	2.472796e+00
3.339999999999973e+00	2.482692e+00
3.349999999999973e+00	2.492589e+00
3.359999999999972e+00	2.502487e+00
3.369999999999972e+00	2.512385e+00
3.379999999999972e+00	2.522283e+00
3.389999999999972e+00	2.532182e+00
3.399999999999971e+00	2.542081e+00
3.409999999999971e+00	2.551980e+00
3.419999999999971e+00	2.561880e+00
3.429999999999971e+00	2.571780e+00
3.439999999999971e+00	2.581681e+00
3.449999999999970e+00	2.591582e+00
3.459999999999970e+00	2.601483e+00
3.469999999999970e+00	2.611385e+00
3.479999999999970e+00	2.621287e+00
3.489999999999970e+00	2.631190e+00
3.499999999999969e+00	2.641093e+00
3.509999999999969e+00	2.650996e+00
3.519999999999969e+00	2.660899e+00
3.529999999999969e+00	2.670803e+00
3.539999999999969e+00	2.680707e+00
3.549999999999968e+00	2.690612e+00
3.559999999999968e+00	2.700517e+00
3.569999999999968e+00	2.710422e+00
3.579999999999968e+00	2.720328e+00
3.589999999999967e+00	2.730234e+00
3.599999999999967e+00	2.740140e+00
3.609999999999967e+00	2.750047e+00
3.619999999999967e+00	2.759954e+00
3.629999999999967e+00	2.769861e+00
3.639999999999966e+00	2.779769e+00
3.649999999999966e+00	2.789677e+00
3.659999999999966e+00	2.799585e+00
3.669999999999966e+00	2.809494e+00
3.679999999999966e+00	2.819403e+00
3.689999999999965e+00	2.829312e+00
3.699999999999965e+00	2.839221e+00
3.709999999999965e+00	2.849131e+00
3.719999999999965e+00	2.859042e+00
3.729999999999964e+00	2.868952e+00
3.739999999999964e+00	2.878863e+00
3.749999999999964e+00	2.888774e+00
3.759999999999964e+00	2.898685e+00
3.769999999999964e+00	2.908597e+00
3.779999999999963e+00	2.918509e+00
3.789999999999963e+00	2.928421e+00
3.799999999999963e+00	2.938334e+00
3.809999999999963e+00	2.948247e+00
3.819999999999963e+00	2.958160e+00
3.829999999999962e+00	2.968074e+00
3.839999999999962e+00	2.977987e+00
3.849999999999962e+00	2.987901e+00
3.859999999999962e+00	2.997816e+00
3.869999999999961e+00	3.007730e+00
3.879999999999961e+00	3.017645e+00
3.889999999999961e+00	3.027560e+00
3.899999999999961e+00	3.037476e+00
3.909999999999961e+00	3.047391e+00
3.919999999999960e+00	3.057307e+00
3.929999999999960e+00	3.067224e+00
3.939999999999960e+00	3.077140e+00
3.949999999999960e+00	3.087057e+00
3.959999999999960e+00	3.096974e+00
3.969999999999959e+00	3.106891e+00
3.979999999999959e+00	3.116809e+00
3.989999999999959e+00	3.126727e+00
3.999999999999959e+00	3.136645e+00
4.009999999999959e+00	3.146563e+00
4.019999999999959e+00	3.156482e+00
4.029999999999959e+00	3.166401e+00
4.039999999999958e+00	3.176320e+00
4.049999999999958e+00	3.186239e+00
4.059999999999958e+00	3.196159e+00
4.069999999999958e+00	3.206079e+00
4.079999999999957e+00	3.215999e+00
4.089999999999957e+00	3.225919e+00
4.099999999999957e+00	3.235840e+00
4.109999999999957e+00	3.245760e+00
4.119999999999957e+00	3.255682e+00
4.129999999999956e+00	3.265603e+00
4.139999999999956e+00	3.275524e+00
4.149999999999956e+00	3.285446e+00
4.159999999999956e+00	3.295368e+00
4.169999999999956e+00	3.305290e+00
4.179999999999955e+00	3.315213e+00
4.189999999999955e+00	3.325135e+00
4.199999999999955e+00	3.335058e+00
4.209999999999955e+00	3.344981e+00
4.219999999999954e+00	3.354905e+00
4.229999999999954e+00	3.364829e+00
4.239999999999954e+00	3.374752e+00
4.249999999999954e+00	3.384676e+00
4.259999999999954e+00	3.394601e+00
4.269999999999953e+00	3.404525e+00
4.279999999999953e+00	3.414450e+00
4.289999999999953e+00	3.424375e+00
4.299999999999953e+00	3.434300e+00
4.309999999999953e+00	3.444225e+00
4.319999999999952e+00	3.454151e+00
4.329999999999952e+00	3.464077e+00
4.339999999999952e+00	3.474003e+00
4.349999999999952e+00	3.483929e+00
4.359999999999951e+00	3.493855e+00
4.369999999999951e+00	3.503782e+00
4.379999999999951e+00	3.513709e+00
4.389999999999951e+00	3.523636e+00
4.399999999999951e+00	3.533563e+00
4.409999999999950e+00	3.543490e+00
4.419999999999950e+00	3.553418e+00
4.429999999999950e+00	3.563346e+00
4.439999999999950e+00	3.573274e+00
4.449999999999950e+00	3.583202e+00
4.459999999999949e+00	3.593131e+00
4.469999999999949e+00	3.603059e+00
4.479999999999949e+00	3.612988e+00
4.489999999999949e+00	3.622917e+00
4.499999999999948e+00	3.632846e+00
4.509999999999948e+00	3.642776e+00
4.519999999999948e+00	3.652705e+00
4.529999999999948e+00	3.662635e+00
4.539999999999948e+00	3.672565e+00
4.549999999999947e+00	3.682495e+00
4.559999999999947e+00	3.692425e+00
4.569999999999947e+00	3.702356e+00
4.579999999999947e+00	3.712287e+00
4.589999999999947e+00	3.722218e+00
4.599999999999946e+00	3.732149e+00
4.609999999999946e+00	3.742080e+00
4.619999999999946e+00	3.752011e+00
4.629999999999946e+00	3.761943e+00
4.639999999999946e+00	3.771875e+00
4.649999999999945e+00	3.781807e+00
4.659999999999945e+00	3.791739e+00
4.669999999999945e+00	3.801671e+00
4.679999999999945e+00	3.811604e+00
4.689999999999944e+00	3.821537e+00
4.699999999999944e+00	3.831469e+00
4.709999999999944e+00	3.841402e+00
4.719999999999944e+00	3.851336e+00
4.729999999999944e+00	3.861269e+00
4.739999999999943e+00	3.871202e+00
4.749999999999943e+00	3.881136e+00
4.759999999999943e+00	3.891070e+00
4.769999999999943e+00	3.901004e+00
4.779999999999943e+00	3.910939e+00
4.789999999999942e+00	3.920873e+00
4.799999999999942e+00	3.930807e+00
4.809999999999942e+00	3.940742e+00
4.819999999999942e+00	3.950677e+00
4.829999999999941e+00	3.960612e+00
4.839999999999941e+00	3.970547e+00
4.849999999999941e+00	3.980483e+00
4.859999999999941e+00	3.990418e+00
4.869999999999941e+00	4.000354e+00
4.879999999999940e+00	4.010290e+00
4.889999999999940e+00	4.020226e+00
4.899999999999940e+00	4.030162e+00
4.909999999999940e+00	4.040098e+00
4.919999999999940e+00	4.050035e+00
4.929999999999939e+00	4.059971e+00
4.939999999999939e+00	4.069908e+00
4.949999999999939e+00	4.079845e+00
4.959999999999939e+00	4.089782e+00
4.969999999999938e+00	4.099719e+00
4.979999999999938e+00	4.109656e+00
4.989999999999938e+00	4.119594e+00
5.000000000000000e+00	4.129532e+00
