time	V(n001)	V(n003)
0.000000000000000e+00	0.000000e+00	0.000000e+00
3.765193133521949e-08	1.182870e-05	-8.494579e-13
7.530386267043898e-08	2.365741e-05	6.442297e-13
1.129557940056585e-07	3.548611e-05	4.481063e-12
1.506077253408780e-07	4.731481e-05	1.066104e-11
1.882596566760975e-07	5.914352e-05	1.918417e-11
2.259115880113169e-07	7.097222e-05	3.005044e-11
2.635635193465363e-07	8.280092e-05	4.325985e-11
3.461593723071132e-07	1.087492e-04	9.622485e-11
4.554165388047563e-07	1.430733e-04	2.181639e-10
5.995390190175730e-07	1.883507e-04	4.963231e-10
7.907607890431426e-07	2.484248e-04	1.134735e-09
1.042651404148235e-06	3.275586e-04	2.590185e-09
1.376468955170644e-06	4.324305e-04	5.927074e-09
1.817960563933747e-06	5.711291e-04	1.355971e-08
2.404718349933168e-06	7.554645e-04	3.109333e-08
3.185132876916045e-06	1.000639e-03	7.137904e-08
4.228604213398579e-06	1.328455e-03	1.643507e-07
5.629254472242704e-06	1.768482e-03	3.795417e-07
7.523792120725548e-06	2.363667e-03	8.808214e-07
1.010870784585666e-05	3.175739e-03	2.057062e-06
1.368290887602834e-05	4.298599e-03	4.849891e-06
1.871353051975778e-05	5.878995e-03	1.159185e-05
2.598272325418039e-05	8.162622e-03	2.830254e-05
3.689957137116450e-05	1.159208e-02	7.152696e-05
5.432005503420358e-05	1.706432e-02	1.878790e-04
7.983780062714219e-05	2.507916e-02	4.714500e-04
1.216076346339877e-04	3.819487e-02	1.248670e-03
1.987628277341845e-04	6.240261e-02	3.707921e-03
3.530732139345782e-04	1.106939e-01	1.212918e-02
6.368470787980684e-04	1.987393e-01	3.681745e-02
1.027205317814814e-03	3.171341e-01	8.646331e-02
1.591338836945512e-03	4.793675e-01	1.810558e-01
2.316598617681982e-03	6.652144e-01	3.236950e-01
3.195504867681982e-03	8.435704e-01	5.036212e-01
4.074411117681982e-03	9.580199e-01	6.740866e-01
4.407198636284112e-03	9.827085e-01	7.308937e-01
4.752919700613791e-03	9.969889e-01	7.803056e-01
5.208008979472061e-03	9.978656e-01	8.330674e-01
5.638611876058227e-03	9.799420e-01	8.670991e-01
6.337177185239390e-03	9.130536e-01	8.871865e-01
7.216083435239390e-03	7.672827e-01	8.591849e-01
8.094989685239390e-03	5.633845e-01	7.712526e-01
8.973895935239390e-03	3.168060e-01	6.259739e-01
9.852802185239391e-03	4.622708e-02	4.338859e-01
1.073170843523939e-02	-2.278538e-01	2.092748e-01
1.161061468523939e-02	-4.846732e-01	-3.099374e-02
1.248952093523939e-02	-7.047751e-01	-2.688030e-01
1.336842718523939e-02	-8.714852e-01	-4.875549e-01
1.413694690811110e-02	-9.634672e-01	-6.555204e-01
1.445416302174183e-02	-9.853333e-01	-7.142594e-01
1.480982187150366e-02	-9.982157e-01	-7.687810e-01
1.522924323620746e-02	-9.974077e-01	-8.206219e-01
1.567315652791110e-02	-9.777217e-01	-8.577334e-01
1.639296763506487e-02	-9.057655e-01	-8.798366e-01
1.727187388506487e-02	-7.559251e-01	-8.512231e-01
1.815078013506487e-02	-5.488179e-01	-7.612545e-01
1.902968638506487e-02	-3.001339e-01	-6.136835e-01
1.990859263506486e-02	-2.871252e-02	-4.196602e-01
2.078749888506486e-02	2.448840e-01	-1.938665e-01
2.166640513506486e-02	4.999288e-01	4.660161e-02
2.254531138506486e-02	7.171004e-01	2.835323e-01
2.342421763506486e-02	8.799465e-01	5.007990e-01
2.415858838364490e-02	9.652659e-01	6.598818e-01
2.447044620221210e-02	9.861934e-01	7.170627e-01
2.482960120228270e-02	9.985675e-01	7.716800e-01
2.523661479568716e-02	9.972385e-01	8.215306e-01
2.568514737832792e-02	9.769240e-01	8.584701e-01
2.641232171630387e-02	9.031721e-01	8.798705e-01
2.729122796630386e-02	7.519307e-01	8.499300e-01
2.817013421630386e-02	5.437251e-01	7.585980e-01
2.904904046630386e-02	2.943284e-01	6.098666e-01
2.992794671630386e-02	2.263427e-02	4.149730e-01
3.080685296630386e-02	-2.507746e-01	1.886646e-01
3.168575921630386e-02	-5.051855e-01	-5.192375e-02
3.256466546630386e-02	-7.213249e-01	-2.885713e-01
3.344357171630385e-02	-8.828188e-01	-5.053328e-01
3.416606424811666e-02	-9.658768e-01	-6.613635e-01
3.447607461337578e-02	-9.864846e-01	-7.180128e-01
3.483644392768302e-02	-9.986802e-01	-7.726645e-01
3.523916402492688e-02	-9.971787e-01	-8.218355e-01
3.568929386447565e-02	-9.766449e-01	-8.587147e-01
3.641901303317462e-02	-9.022677e-01	-8.798701e-01
3.729791928317462e-02	-7.505432e-01	-8.494731e-01
3.817682553317462e-02	-5.419596e-01	-7.576716e-01
3.905573178317462e-02	-2.923188e-01	-6.085409e-01
3.993463803317462e-02	-2.053262e-02	-4.133484e-01
4.081354428317462e-02	2.528090e-01	-1.868643e-01
4.169245053317461e-02	5.069985e-01	5.376349e-02
4.257135678317461e-02	7.227793e-01	2.903111e-01
4.345026303317461e-02	8.838043e-01	5.068963e-01
4.416864523463189e-02	9.660865e-01	6.618741e-01
4.447801819602668e-02	9.865845e-01	7.183402e-01
4.483880752120467e-02	9.987181e-01	7.730038e-01
4.524004446067619e-02	9.971579e-01	8.219406e-01
4.569072592781665e-02	9.765482e-01	8.587987e-01
4.642132383024603e-02	9.019544e-01	8.798689e-01
4.730023008024602e-02	7.500632e-01	8.493144e-01
4.817913633024602e-02	5.413494e-01	7.573509e-01
4.905804258024602e-02	2.916244e-01	6.080824e-01
4.993694883024602e-02	1.980681e-02	4.127870e-01
5.081585508024602e-02	-2.535113e-01	1.862423e-01
5.169476133024602e-02	-5.076241e-01	-5.439878e-02
5.257366758024602e-02	-7.232808e-01	-2.909116e-01
5.345257383024601e-02	-8.841437e-01	-5.074359e-01
5.416953612893650e-02	-9.661587e-01	-6.620502e-01
5.447868912322511e-02	-9.866189e-01	-7.184532e-01
5.483962351835960e-02	-9.987310e-01	-7.731208e-01
5.524034840563345e-02	-9.971507e-01	-8.219769e-01
5.569122030355780e-02	-9.765148e-01	-8.588277e-01
5.642212154150208e-02	-9.018462e-01	-8.798684e-01
5.730102779150208e-02	-7.498975e-01	-8.492595e-01
5.817993404150208e-02	-5.411386e-01	-7.572401e-01
5.905884029150208e-02	-2.913847e-01	-6.079240e-01
5.993774654150208e-02	-1.955625e-02	-4.125931e-01
6.081665279150208e-02	2.537537e-01	-1.860276e-01
6.169555904150208e-02	5.078400e-01	5.461809e-02
6.257446529150208e-02	7.234538e-01	2.911189e-01
6.345337154150209e-02	8.842608e-01	5.076221e-01
6.416984362388384e-02	9.661837e-01	6.621110e-01
6.447892070170978e-02	9.866307e-01	7.184922e-01
6.483990517917715e-02	9.987355e-01	7.731611e-01
6.524045331792300e-02	9.971482e-01	8.219894e-01
6.569139094627656e-02	9.765032e-01	8.588377e-01
6.642239688354139e-02	9.018088e-01	8.798683e-01
6.730130313354139e-02	7.498403e-01	8.492405e-01
6.818020938354140e-02	5.410659e-01	7.572018e-01
6.905911563354140e-02	2.913020e-01	6.078694e-01
6.993802188354141e-02	1.946977e-02	4.125261e-01
7.081692813354142e-02	-2.538374e-01	1.859535e-01
7.169583438354142e-02	-5.079145e-01	-5.469378e-02
7.257474063354143e-02	-7.235135e-01	-2.911904e-01
7.345364688354143e-02	-8.843012e-01	-5.076863e-01
7.416994975431650e-02	-9.661922e-01	-6.621320e-01
7.447900063063190e-02	-9.866349e-01	-7.185056e-01
7.484000239508853e-02	-9.987370e-01	-7.731751e-01
7.524048952847026e-02	-9.971473e-01	-8.219938e-01
7.569144984368760e-02	-9.764992e-01	-8.588411e-01
7.642249191768241e-02	-9.017959e-01	-8.798682e-01
7.730139816768242e-02	-7.498205e-01	-8.492340e-01
7.818030441768242e-02	-5.410408e-01	-7.571886e-01
7.905921066768243e-02	-2.912734e-01	-6.078506e-01
7.993811691768243e-02	-1.943992e-02	-4.125031e-01
8.081702316768244e-02	2.538663e-01	-1.859279e-01
8.169592941768244e-02	5.079403e-01	5.471991e-02
8.257483566768245e-02	7.235342e-01	2.912151e-01
8.345374191768246e-02	8.843151e-01	5.077085e-01
8.416998638444899e-02	9.661952e-01	6.621392e-01
8.447902821759042e-02	9.866362e-01	7.185103e-01
8.484003594867912e-02	9.987375e-01	7.731799e-01
8.524050202633965e-02	9.971470e-01	8.219952e-01
8.569147017179754e-02	9.764978e-01	8.588423e-01
8.642252471814707e-02	9.017915e-01	8.798682e-01
8.730143096814708e-02	7.498137e-01	8.492317e-01
8.818033721814708e-02	5.410321e-01	7.571840e-01
8.905924346814709e-02	2.912636e-01	6.078440e-01
8.993814971814709e-02	1.942962e-02	4.124951e-01
9.081705596814710e-02	-2.538762e-01	1.859191e-01
9.169596221814710e-02	-5.079492e-01	-5.472892e-02
9.257486846814711e-02	-7.235413e-01	-2.912236e-01
9.345377471814711e-02	-8.843199e-01	-5.077161e-01
9.416999902703374e-02	-9.661962e-01	-6.621417e-01
9.447903773900899e-02	-9.866368e-01	-7.185119e-01
9.484004752944954e-02	-9.987377e-01	-7.731816e-01
9.524050633988304e-02	-9.971469e-01	-8.219957e-01
9.569147718788765e-02	-9.764974e-01	-8.588427e-01
9.642253603896998e-02	-9.017899e-01	-8.798682e-01
9.730144228896999e-02	-7.498114e-01	-8.492309e-01
9.818034853896999e-02	-5.410292e-01	-7.571824e-01
9.905925478897000e-02	-2.912602e-01	-6.078418e-01
9.993816103897001e-02	-1.942606e-02	-4.124923e-01
1.008170672889700e-01	2.538797e-01	-1.859160e-01
1.016959735389700e-01	5.079522e-01	5.473204e-02
1.025748797889700e-01	7.235437e-01	2.912266e-01
1.034537860389700e-01	8.843216e-01	5.077188e-01
1.041700033905124e-01	9.661966e-01	6.621426e-01
1.044790410252453e-01	9.866369e-01	7.185124e-01
1.048400515264555e-01	9.987378e-01	7.731821e-01
1.052405078286661e-01	9.971468e-01	8.219959e-01
1.056914796094319e-01	9.764972e-01	8.588428e-01
1.064225399462558e-01	9.017894e-01	8.798682e-01
1.073014461962559e-01	7.498105e-01	8.492307e-01
1.081803524462559e-01	5.410281e-01	7.571819e-01
1.090592586962559e-01	2.912590e-01	6.078410e-01
1.099381649462559e-01	1.942483e-02	4.124914e-01
1.108170711962559e-01	-2.538809e-01	1.859150e-01
1.116959774462559e-01	-5.079533e-01	-5.473311e-02
1.125748836962559e-01	-7.235445e-01	-2.912276e-01
1.134537899462559e-01	-8.843222e-01	-5.077197e-01
1.141700048965287e-01	-9.661967e-01	-6.621429e-01
1.144790421594611e-01	-9.866369e-01	-7.185126e-01
1.148400529059875e-01	-9.987378e-01	-7.731823e-01
1.152405083425067e-01	-9.971468e-01	-8.219960e-01
1.156914804452068e-01	-9.764971e-01	-8.588429e-01
1.164225412948215e-01	-9.017892e-01	-8.798682e-01
1.173014475448216e-01	-7.498103e-01	-8.492306e-01
1.181803537948216e-01	-5.410278e-01	-7.571817e-01
1.190592600448216e-01	-2.912586e-01	-6.078407e-01
1.199381662948216e-01	-1.942441e-02	-4.124911e-01
1.208170725448216e-01	2.538813e-01	-1.859146e-01
1.216959787948216e-01	5.079536e-01	5.473348e-02
1.225748850448216e-01	7.235448e-01	2.912279e-01
1.234537912948216e-01	8.843223e-01	5.077200e-01
1.241700054163170e-01	9.661968e-01	6.621430e-01
1.244790425509257e-01	9.866370e-01	7.185127e-01
1.248400533821209e-01	9.987378e-01	7.731824e-01
1.252405085198542e-01	9.971468e-01	8.219960e-01
1.256914807336672e-01	9.764971e-01	8.588429e-01
1.264225417602672e-01	9.017891e-01	8.798682e-01
1.273014480102672e-01	7.498102e-01	8.492306e-01
1.281803542602672e-01	5.410277e-01	7.571816e-01
1.290592605102672e-01	2.912584e-01	6.078407e-01
1.299381667602672e-01	1.942426e-02	4.124909e-01
1.308170730102672e-01	-2.538814e-01	1.859145e-01
1.316959792602672e-01	-5.079538e-01	-5.473361e-02
1.325748855102672e-01	-7.235450e-01	-2.912281e-01
1.334537917602672e-01	-8.843224e-01	-5.077201e-01
1.341700055957174e-01	-9.661968e-01	-6.621431e-01
1.344790426860363e-01	-9.866370e-01	-7.185127e-01
1.348400535464541e-01	-9.987378e-01	-7.731824e-01
1.352405085810642e-01	-9.971468e-01	-8.219960e-01
1.356914808332267e-01	-9.764971e-01	-8.588429e-01
1.364225419209115e-01	-9.017891e-01	-8.798681e-01
1.373014481709116e-01	-7.498101e-01	-8.492305e-01
1.381803544209116e-01	-5.410276e-01	-7.571816e-01
1.390592606709116e-01	-2.912584e-01	-6.078406e-01
1.399381669209116e-01	-1.942421e-02	-4.124909e-01
1.408170731709116e-01	2.538815e-01	-1.859144e-01
1.416959794209116e-01	5.079538e-01	5.473365e-02
1.425748856709116e-01	7.235450e-01	2.912281e-01
1.434537919209116e-01	8.843224e-01	5.077201e-01
1.441700056576358e-01	9.661968e-01	6.621431e-01
1.444790427326685e-01	9.866370e-01	7.185127e-01
1.448400536031722e-01	9.987378e-01	7.731825e-01
1.452405086021902e-01	9.971468e-01	8.219960e-01
1.456914808675888e-01	9.764971e-01	8.588429e-01
1.464225419763565e-01	9.017891e-01	8.798681e-01
1.473014482263565e-01	7.498101e-01	8.492305e-01
1.481803544763565e-01	5.410276e-01	7.571816e-01
1.490592607263565e-01	2.912584e-01	6.078406e-01
1.499381669763565e-01	1.942420e-02	4.124909e-01
1.508170732263565e-01	-2.538815e-01	1.859144e-01
1.516959794763565e-01	-5.079538e-01	-5.473367e-02
1.525748857263565e-01	-7.235450e-01	-2.912281e-01
1.534537919763565e-01	-8.843225e-01	-5.077201e-01
1.541700056790063e-01	-9.661968e-01	-6.621431e-01
1.544790427487631e-01	-9.866370e-01	-7.185127e-01
1.548400536227480e-01	-9.987378e-01	-7.731825e-01
1.552405086094817e-01	-9.971468e-01	-8.219960e-01
1.556914808794486e-01	-9.764971e-01	-8.588429e-01
1.564225419954929e-01	-9.017891e-01	-8.798681e-01
1.573014482454929e-01	-7.498101e-01	-8.492305e-01
1.581803544954929e-01	-5.410276e-01	-7.571816e-01
1.590592607454930e-01	-2.912583e-01	-6.078406e-01
1.599381669954930e-01	-1.942419e-02	-4.124909e-01
1.608170732454930e-01	2.538815e-01	-1.859144e-01
1.616959794954930e-01	5.079538e-01	5.473367e-02
1.625748857454930e-01	7.235450e-01	2.912281e-01
1.634537919954930e-01	8.843225e-01	5.077202e-01
1.641700056863823e-01	9.661968e-01	6.621431e-01
1.644790427543181e-01	9.866370e-01	7.185127e-01
1.648400536295044e-01	9.987378e-01	7.731825e-01
1.652405086119983e-01	9.971468e-01	8.219960e-01
1.656914808835419e-01	9.764971e-01	8.588429e-01
1.664225420020977e-01	9.017891e-01	8.798681e-01
1.673014482520977e-01	7.498101e-01	8.492305e-01
1.681803545020977e-01	5.410276e-01	7.571816e-01
1.690592607520977e-01	2.912583e-01	6.078406e-01
1.699381670020977e-01	1.942419e-02	4.124909e-01
1.708170732520977e-01	-2.538815e-01	1.859144e-01
1.716959795020978e-01	-5.079538e-01	-5.473367e-02
1.725748857520978e-01	-7.235450e-01	-2.912281e-01
1.734537920020978e-01	-8.843225e-01	-5.077202e-01
1.741700056889280e-01	-9.661968e-01	-6.621431e-01
1.744790427562354e-01	-9.866370e-01	-7.185127e-01
1.748400536318364e-01	-9.987378e-01	-7.731825e-01
1.752405086128669e-01	-9.971468e-01	-8.219960e-01
1.756914808849547e-01	-9.764971e-01	-8.588429e-01
1.764225420043773e-01	-9.017891e-01	-8.798681e-01
1.773014482543773e-01	-7.498101e-01	-8.492305e-01
1.781803545043773e-01	-5.410276e-01	-7.571816e-01
1.790592607543773e-01	-2.912583e-01	-6.078406e-01
1.799381670043773e-01	-1.942419e-02	-4.124909e-01
1.808170732543773e-01	2.538815e-01	-1.859144e-01
1.816959795043773e-01	5.079538e-01	5.473367e-02
1.825748857543773e-01	7.235450e-01	2.912281e-01
1.834537920043773e-01	8.843225e-01	5.077202e-01
1.841700056898067e-01	9.661968e-01	6.621431e-01
1.844790427568971e-01	9.866370e-01	7.185127e-01
1.848400536326411e-01	9.987378e-01	7.731825e-01
1.852405086131667e-01	9.971468e-01	8.219960e-01
1.856914808854422e-01	9.764971e-01	8.588429e-01
1.864225420051640e-01	9.017891e-01	8.798681e-01
1.873014482551640e-01	7.498101e-01	8.492305e-01
1.881803545051640e-01	5.410276e-01	7.571816e-01
1.890592607551640e-01	2.912583e-01	6.078406e-01
1.899381670051640e-01	1.942419e-02	4.124909e-01
1.908170732551640e-01	-2.538815e-01	1.859144e-01
1.916959795051640e-01	-5.079538e-01	-5.473367e-02
1.925748857551640e-01	-7.235450e-01	-2.912281e-01
1.934537920051640e-01	-8.843225e-01	-5.077202e-01
1.941700056901099e-01	-9.661968e-01	-6.621431e-01
1.944790427571255e-01	-9.866370e-01	-7.185127e-01
1.948400536329190e-01	-9.987378e-01	-7.731825e-01
1.952405086132701e-01	-9.971468e-01	-8.219960e-01
1.956914808856106e-01	-9.764971e-01	-8.588429e-01
1.964225420054356e-01	-9.017891e-01	-8.798681e-01
1.973014482554356e-01	-7.498101e-01	-8.492305e-01
1.981803545054356e-01	-5.410276e-01	-7.571816e-01
1.990592607554356e-01	-2.912583e-01	-6.078406e-01
1.999381670054356e-01	-1.942419e-02	-4.124909e-01
2.008170732554356e-01	2.538815e-01	-1.859144e-01
2.016959795054356e-01	5.079538e-01	5.473367e-02
2.025748857554356e-01	7.235450e-01	2.912281e-01
2.034537920054356e-01	8.843225e-01	5.077202e-01
2.041700056902145e-01	9.661968e-01	6.621431e-01
2.044790427572043e-01	9.866370e-01	7.185127e-01
2.048400536330148e-01	9.987378e-01	7.731825e-01
2.052405086133058e-01	9.971468e-01	8.219960e-01
2.056914808856686e-01	9.764971e-01	8.588429e-01
2.064225420055293e-01	9.017891e-01	8.798681e-01
2.073014482555293e-01	7.498101e-01	8.492305e-01
2.081803545055293e-01	5.410276e-01	7.571816e-01
2.090592607555293e-01	2.912583e-01	6.078406e-01
2.099381670055293e-01	1.942419e-02	4.124909e-01
2.108170732555293e-01	-2.538815e-01	1.859144e-01
2.116959795055293e-01	-5.079538e-01	-5.473367e-02
2.125748857555293e-01	-7.235450e-01	-2.912281e-01
2.134537920055293e-01	-8.843225e-01	-5.077202e-01
2.141700056902507e-01	-9.661968e-01	-6.621431e-01
2.144790427572315e-01	-9.866370e-01	-7.185127e-01
2.148400536330479e-01	-9.987378e-01	-7.731825e-01
2.152405086133182e-01	-9.971468e-01	-8.219960e-01
2.156914808856887e-01	-9.764971e-01	-8.588429e-01
2.164225420055616e-01	-9.017891e-01	-8.798681e-01
2.173014482555616e-01	-7.498101e-01	-8.492305e-01
2.181803545055616e-01	-5.410276e-01	-7.571816e-01
2.190592607555616e-01	-2.912583e-01	-6.078406e-01
2.199381670055617e-01	-1.942419e-02	-4.124909e-01
2.208170732555617e-01	2.538815e-01	-1.859144e-01
2.216959795055617e-01	5.079538e-01	5.473367e-02
2.225748857555617e-01	7.235450e-01	2.912281e-01
2.234537920055617e-01	8.843225e-01	5.077202e-01
2.241700056902631e-01	9.661968e-01	6.621431e-01
2.244790427572409e-01	9.866370e-01	7.185127e-01
2.248400536330593e-01	9.987378e-01	7.731825e-01
2.252405086133224e-01	9.971468e-01	8.219960e-01
2.256914808856956e-01	9.764971e-01	8.588429e-01
2.264225420055728e-01	9.017891e-01	8.798681e-01
2.273014482555728e-01	7.498101e-01	8.492305e-01
2.281803545055728e-01	5.410276e-01	7.571816e-01
2.290592607555728e-01	2.912583e-01	6.078406e-01
2.299381670055728e-01	1.942419e-02	4.124909e-01
2.308170732555728e-01	-2.538815e-01	1.859144e-01
2.316959795055728e-01	-5.079538e-01	-5.473367e-02
2.325748857555728e-01	-7.235450e-01	-2.912281e-01
2.334537920055728e-01	-8.843225e-01	-5.077202e-01
2.341700056902674e-01	-9.661968e-01	-6.621431e-01
2.344790427572442e-01	-9.866370e-01	-7.185127e-01
2.348400536330633e-01	-9.987378e-01	-7.731825e-01
2.352405086133239e-01	-9.971468e-01	-8.219960e-01
2.356914808856981e-01	-9.764971e-01	-8.588429e-01
2.364225420055767e-01	-9.017891e-01	-8.798681e-01
2.373014482555768e-01	-7.498101e-01	-8.492305e-01
2.381803545055768e-01	-5.410276e-01	-7.571816e-01
2.390592607555768e-01	-2.912583e-01	-6.078406e-01
2.399381670055768e-01	-1.942419e-02	-4.124909e-01
2.408170732555768e-01	2.538815e-01	-1.859144e-01
2.416959795055768e-01	5.079538e-01	5.473367e-02
2.425748857555768e-01	7.235450e-01	2.912281e-01
2.434537920055768e-01	8.843225e-01	5.077202e-01
2.441700056902689e-01	9.661968e-01	6.621431e-01
2.444790427572452e-01	9.866370e-01	7.185127e-01
2.448400536330646e-01	9.987378e-01	7.731825e-01
2.452405086133244e-01	9.971468e-01	8.219960e-01
2.456914808856988e-01	9.764971e-01	8.588429e-01
2.464225420055780e-01	9.017891e-01	8.798681e-01
2.473014482555780e-01	7.498101e-01	8.492305e-01
2.481803545055780e-01	5.410276e-01	7.571816e-01
2.490592607555780e-01	2.912583e-01	6.078406e-01
2.499381670055781e-01	1.942419e-02	4.124909e-01
2.508170732555781e-01	-2.538815e-01	1.859144e-01
2.516959795055780e-01	-5.079538e-01	-5.473367e-02
2.525748857555780e-01	-7.235450e-01	-2.912281e-01
2.534537920055780e-01	-8.843225e-01	-5.077202e-01
2.541700056902694e-01	-9.661968e-01	-6.621431e-01
2.544790427572456e-01	-9.866370e-01	-7.185127e-01
2.548400536330652e-01	-9.987378e-01	-7.731825e-01
2.552405086133246e-01	-9.971468e-01	-8.219960e-01
2.556914808856991e-01	-9.764971e-01	-8.588429e-01
2.564225420055785e-01	-9.017891e-01	-8.798681e-01
2.573014482555784e-01	-7.498101e-01	-8.492305e-01
2.581803545055784e-01	-5.410276e-01	-7.571816e-01
2.590592607555784e-01	-2.912583e-01	-6.078406e-01
2.599381670055784e-01	-1.942419e-02	-4.124909e-01
2.608170732555783e-01	2.538815e-01	-1.859144e-01
2.616959795055783e-01	5.079538e-01	5.473367e-02
2.625748857555783e-01	7.235450e-01	2.912281e-01
2.634537920055783e-01	8.843225e-01	5.077202e-01
2.641700056902695e-01	9.661968e-01	6.621431e-01
2.644790427572457e-01	9.866370e-01	7.185127e-01
2.648400536330652e-01	9.987378e-01	7.731825e-01
2.652405086133246e-01	9.971468e-01	8.219960e-01
2.656914808856991e-01	9.764971e-01	8.588429e-01
2.664225420055785e-01	9.017891e-01	8.798681e-01
2.673014482555784e-01	7.498101e-01	8.492305e-01
2.681803545055784e-01	5.410276e-01	7.571816e-01
2.690592607555784e-01	2.912583e-01	6.078406e-01
2.699381670055784e-01	1.942419e-02	4.124909e-01
2.708170732555784e-01	-2.538815e-01	1.859144e-01
2.716959795055783e-01	-5.079538e-01	-5.473367e-02
2.725748857555783e-01	-7.235450e-01	-2.912281e-01
2.734537920055783e-01	-8.843225e-01	-5.077202e-01
2.741700056902696e-01	-9.661968e-01	-6.621431e-01
2.744790427572457e-01	-9.866370e-01	-7.185127e-01
2.748400536330652e-01	-9.987378e-01	-7.731825e-01
2.752405086133246e-01	-9.971468e-01	-8.219960e-01
2.756914808856991e-01	-9.764971e-01	-8.588429e-01
2.764225420055785e-01	-9.017891e-01	-8.798681e-01
2.773014482555785e-01	-7.498101e-01	-8.492305e-01
2.781803545055784e-01	-5.410276e-01	-7.571816e-01
2.790592607555784e-01	-2.912583e-01	-6.078406e-01
2.799381670055784e-01	-1.942419e-02	-4.124909e-01
2.808170732555784e-01	2.538815e-01	-1.859144e-01
2.816959795055783e-01	5.079538e-01	5.473367e-02
2.825748857555783e-01	7.235450e-01	2.912281e-01
2.834537920055783e-01	8.843225e-01	5.077202e-01
2.841700056902696e-01	9.661968e-01	6.621431e-01
2.844790427572457e-01	9.866370e-01	7.185127e-01
2.848400536330652e-01	9.987378e-01	7.731825e-01
2.852405086133246e-01	9.971468e-01	8.219960e-01
2.856914808856992e-01	9.764971e-01	8.588429e-01
2.864225420055785e-01	9.017891e-01	8.798681e-01
2.873014482555785e-01	7.498101e-01	8.492305e-01
2.881803545055785e-01	5.410276e-01	7.571816e-01
2.890592607555785e-01	2.912583e-01	6.078406e-01
2.899381670055785e-01	1.942419e-02	4.124909e-01
2.908170732555784e-01	-2.538815e-01	1.859144e-01
2.916959795055784e-01	-5.079538e-01	-5.473367e-02
2.925748857555784e-01	-7.235450e-01	-2.912281e-01
2.934537920055784e-01	-8.843225e-01	-5.077202e-01
2.941700056902696e-01	-9.661968e-01	-6.621431e-01
2.944790427572457e-01	-9.866370e-01	-7.185127e-01
2.948400536330652e-01	-9.987378e-01	-7.731825e-01
2.952405086133246e-01	-9.971468e-01	-8.219960e-01
2.956914808856992e-01	-9.764971e-01	-8.588429e-01
2.964225420055786e-01	-9.017891e-01	-8.798681e-01
2.973014482555786e-01	-7.498101e-01	-8.492305e-01
2.981803545055786e-01	-5.410276e-01	-7.571816e-01
2.990592607555785e-01	-2.912583e-01	-6.078406e-01
2.999381670055785e-01	-1.942419e-02	-4.124909e-01
3.008170732555785e-01	2.538815e-01	-1.859144e-01
3.016959795055785e-01	5.079538e-01	5.473367e-02
3.025748857555784e-01	7.235450e-01	2.912281e-01
3.034537920055784e-01	8.843225e-01	5.077202e-01
3.041700056902696e-01	9.661968e-01	6.621431e-01
3.044790427572457e-01	9.866370e-01	7.185127e-01
3.048400536330653e-01	9.987378e-01	7.731825e-01
3.052405086133246e-01	9.971468e-01	8.219960e-01
3.056914808856992e-01	9.764971e-01	8.588429e-01
3.064225420055786e-01	9.017891e-01	8.798681e-01
3.073014482555786e-01	7.498101e-01	8.492305e-01
3.081803545055786e-01	5.410276e-01	7.571816e-01
3.090592607555785e-01	2.912583e-01	6.078406e-01
3.099381670055785e-01	1.942419e-02	4.124909e-01
3.108170732555785e-01	-2.538815e-01	1.859144e-01
3.116959795055785e-01	-5.079538e-01	-5.473367e-02
3.125748857555785e-01	-7.235450e-01	-2.912281e-01
3.134537920055784e-01	-8.843225e-01	-5.077202e-01
3.141700056902696e-01	-9.661968e-01	-6.621431e-01
3.144790427572458e-01	-9.866370e-01	-7.185127e-01
3.148400536330653e-01	-9.987378e-01	-7.731825e-01
3.152405086133246e-01	-9.971468e-01	-8.219960e-01
3.156914808856992e-01	-9.764971e-01	-8.588429e-01
3.164225420055786e-01	-9.017891e-01	-8.798681e-01
3.173014482555786e-01	-7.498101e-01	-8.492305e-01
3.181803545055786e-01	-5.410276e-01	-7.571816e-01
3.190592607555786e-01	-2.912583e-01	-6.078406e-01
3.199381670055785e-01	-1.942419e-02	-4.124909e-01
3.208170732555785e-01	2.538815e-01	-1.859144e-01
3.216959795055785e-01	5.079538e-01	5.473367e-02
3.225748857555785e-01	7.235450e-01	2.912281e-01
3.234537920055784e-01	8.843225e-01	5.077202e-01
3.241700056902696e-01	9.661968e-01	6.621431e-01
3.244790427572458e-01	9.866370e-01	7.185127e-01
3.248400536330652e-01	9.987378e-01	7.731825e-01
3.252405086133247e-01	9.971468e-01	8.219960e-01
3.256914808856993e-01	9.764971e-01	8.588429e-01
3.264225420055787e-01	9.017891e-01	8.798681e-01
3.273014482555787e-01	7.498101e-01	8.492305e-01
3.281803545055787e-01	5.410276e-01	7.571816e-01
3.290592607555787e-01	2.912583e-01	6.078406e-01
3.299381670055787e-01	1.942419e-02	4.124909e-01
3.308170732555786e-01	-2.538815e-01	1.859144e-01
3.316959795055786e-01	-5.079538e-01	-5.473367e-02
3.325748857555786e-01	-7.235450e-01	-2.912281e-01
3.334537920055786e-01	-8.843225e-01	-5.077202e-01
3.341700056902697e-01	-9.661968e-01	-6.621431e-01
3.344790427572458e-01	-9.866370e-01	-7.185127e-01
3.348400536330653e-01	-9.987378e-01	-7.731825e-01
3.352405086133247e-01	-9.971468e-01	-8.219960e-01
3.356914808856992e-01	-9.764971e-01	-8.588429e-01
3.364225420055786e-01	-9.017891e-01	-8.798681e-01
3.373014482555786e-01	-7.498101e-01	-8.492305e-01
3.381803545055786e-01	-5.410276e-01	-7.571816e-01
3.390592607555786e-01	-2.912583e-01	-6.078406e-01
3.399381670055786e-01	-1.942419e-02	-4.124909e-01
3.408170732555785e-01	2.538815e-01	-1.859144e-01
3.416959795055785e-01	5.079538e-01	5.473367e-02
3.425748857555785e-01	7.235450e-01	2.912281e-01
3.434537920055785e-01	8.843225e-01	5.077202e-01
3.441700056902696e-01	9.661968e-01	6.621431e-01
3.444790427572458e-01	9.866370e-01	7.185127e-01
3.448400536330654e-01	9.987378e-01	7.731825e-01
3.452405086133247e-01	9.971468e-01	8.219960e-01
3.456914808856992e-01	9.764971e-01	8.588429e-01
3.464225420055786e-01	9.017891e-01	8.798681e-01
3.473014482555786e-01	7.498101e-01	8.492305e-01
3.481803545055786e-01	5.410276e-01	7.571816e-01
3.490592607555786e-01	2.912583e-01	6.078406e-01
3.499381670055786e-01	1.942419e-02	4.124909e-01
3.508170732555785e-01	-2.538815e-01	1.859144e-01
3.516959795055785e-01	-5.079538e-01	-5.473367e-02
3.525748857555785e-01	-7.235450e-01	-2.912281e-01
3.534537920055785e-01	-8.843225e-01	-5.077202e-01
3.541700056902696e-01	-9.661968e-01	-6.621431e-01
3.544790427572458e-01	-9.866370e-01	-7.185127e-01
3.548400536330654e-01	-9.987378e-01	-7.731825e-01
3.552405086133247e-01	-9.971468e-01	-8.219960e-01
3.556914808856992e-01	-9.764971e-01	-8.588429e-01
3.564225420055787e-01	-9.017891e-01	-8.798681e-01
3.573014482555786e-01	-7.498101e-01	-8.492305e-01
3.581803545055786e-01	-5.410276e-01	-7.571816e-01
3.590592607555786e-01	-2.912583e-01	-6.078406e-01
3.599381670055786e-01	-1.942419e-02	-4.124909e-01
3.608170732555785e-01	2.538815e-01	-1.859144e-01
3.616959795055785e-01	5.079538e-01	5.473367e-02
3.625748857555785e-01	7.235450e-01	2.912281e-01
3.634537920055785e-01	8.843225e-01	5.077202e-01
3.641700056902696e-01	9.661968e-01	6.621431e-01
3.644790427572458e-01	9.866370e-01	7.185127e-01
3.648400536330653e-01	9.987378e-01	7.731825e-01
3.652405086133247e-01	9.971468e-01	8.219960e-01
3.656914808856992e-01	9.764971e-01	8.588429e-01
3.664225420055787e-01	9.017891e-01	8.798681e-01
3.673014482555787e-01	7.498101e-01	8.492305e-01
3.681803545055787e-01	5.410276e-01	7.571816e-01
3.690592607555787e-01	2.912583e-01	6.078406e-01
3.699381670055786e-01	1.942419e-02	4.124909e-01
3.708170732555786e-01	-2.538815e-01	1.859144e-01
3.716959795055786e-01	-5.079538e-01	-5.473367e-02
3.725748857555786e-01	-7.235450e-01	-2.912281e-01
3.734537920055785e-01	-8.843225e-01	-5.077202e-01
3.741700056902696e-01	-9.661968e-01	-6.621431e-01
3.744790427572458e-01	-9.866370e-01	-7.185127e-01
3.748400536330653e-01	-9.987378e-01	-7.731825e-01
3.752405086133247e-01	-9.971468e-01	-8.219960e-01
3.756914808856993e-01	-9.764971e-01	-8.588429e-01
3.764225420055787e-01	-9.017891e-01	-8.798681e-01
3.773014482555787e-01	-7.498101e-01	-8.492305e-01
3.781803545055787e-01	-5.410276e-01	-7.571816e-01
3.790592607555787e-01	-2.912583e-01	-6.078406e-01
3.799381670055786e-01	-1.942419e-02	-4.124909e-01
3.808170732555786e-01	2.538815e-01	-1.859144e-01
3.816959795055786e-01	5.079538e-01	5.473367e-02
3.825748857555786e-01	7.235450e-01	2.912281e-01
3.834537920055786e-01	8.843225e-01	5.077202e-01
3.841700056902697e-01	9.661968e-01	6.621431e-01
3.844790427572458e-01	9.866370e-01	7.185127e-01
3.848400536330654e-01	9.987378e-01	7.731825e-01
3.852405086133247e-01	9.971468e-01	8.219960e-01
3.856914808856992e-01	9.764971e-01	8.588429e-01
3.864225420055786e-01	9.017891e-01	8.798681e-01
3.873014482555786e-01	7.498101e-01	8.492305e-01
3.881803545055786e-01	5.410276e-01	7.571816e-01
3.890592607555786e-01	2.912583e-01	6.078406e-01
3.899381670055785e-01	1.942419e-02	4.124909e-01
3.908170732555785e-01	-2.538815e-01	1.859144e-01
3.916959795055785e-01	-5.079538e-01	-5.473367e-02
3.925748857555785e-01	-7.235450e-01	-2.912281e-01
3.934537920055785e-01	-8.843225e-01	-5.077202e-01
3.941700056902696e-01	-9.661968e-01	-6.621431e-01
3.944790427572458e-01	-9.866370e-01	-7.185127e-01
3.948400536330653e-01	-9.987378e-01	-7.731825e-01
3.952405086133247e-01	-9.971468e-01	-8.219960e-01
3.956914808856992e-01	-9.764971e-01	-8.588429e-01
3.964225420055786e-01	-9.017891e-01	-8.798681e-01
3.973014482555786e-01	-7.498101e-01	-8.492305e-01
3.981803545055786e-01	-5.410276e-01	-7.571816e-01
3.990592607555786e-01	-2.912583e-01	-6.078406e-01
3.999381670055785e-01	-1.942419e-02	-4.124909e-01
4.008170732555785e-01	2.538815e-01	-1.859144e-01
4.016959795055785e-01	5.079538e-01	5.473367e-02
4.025748857555785e-01	7.235450e-01	2.912281e-01
4.034537920055785e-01	8.843225e-01	5.077202e-01
4.041700056902696e-01	9.661968e-01	6.621431e-01
4.044790427572458e-01	9.866370e-01	7.185127e-01
4.048400536330652e-01	9.987378e-01	7.731825e-01
4.052405086133246e-01	9.971468e-01	8.219960e-01
4.056914808856991e-01	9.764971e-01	8.588429e-01
4.064225420055785e-01	9.017891e-01	8.798681e-01
4.073014482555785e-01	7.498101e-01	8.492305e-01
4.081803545055784e-01	5.410276e-01	7.571816e-01
4.090592607555784e-01	2.912583e-01	6.078406e-01
4.099381670055784e-01	1.942419e-02	4.124909e-01
4.108170732555784e-01	-2.538815e-01	1.859144e-01
4.116959795055783e-01	-5.079538e-01	-5.473367e-02
4.125748857555783e-01	-7.235450e-01	-2.912281e-01
4.134537920055783e-01	-8.843225e-01	-5.077202e-01
4.141700056902696e-01	-9.661968e-01	-6.621431e-01
4.144790427572458e-01	-9.866370e-01	-7.185127e-01
4.148400536330654e-01	-9.987378e-01	-7.731825e-01
4.152405086133247e-01	-9.971468e-01	-8.219960e-01
4.156914808856992e-01	-9.764971e-01	-8.588429e-01
4.164225420055787e-01	-9.017891e-01	-8.798681e-01
4.173014482555786e-01	-7.498101e-01	-8.492305e-01
4.181803545055786e-01	-5.410276e-01	-7.571816e-01
4.190592607555786e-01	-2.912583e-01	-6.078406e-01
4.199381670055786e-01	-1.942419e-02	-4.124909e-01
4.208170732555785e-01	2.538815e-01	-1.859144e-01
4.216959795055785e-01	5.079538e-01	5.473367e-02
4.225748857555785e-01	7.235450e-01	2.912281e-01
4.234537920055785e-01	8.843225e-01	5.077202e-01
4.241700056902696e-01	9.661968e-01	6.621431e-01
4.244790427572457e-01	9.866370e-01	7.185127e-01
4.248400536330652e-01	9.987378e-01	7.731825e-01
4.252405086133246e-01	9.971468e-01	8.219960e-01
4.256914808856992e-01	9.764971e-01	8.588429e-01
4.264225420055786e-01	9.017891e-01	8.798681e-01
4.273014482555786e-01	7.498101e-01	8.492305e-01
4.281803545055786e-01	5.410276e-01	7.571816e-01
4.290592607555785e-01	2.912583e-01	6.078406e-01
4.299381670055785e-01	1.942419e-02	4.124909e-01
4.308170732555785e-01	-2.538815e-01	1.859144e-01
4.316959795055785e-01	-5.079538e-01	-5.473367e-02
4.325748857555785e-01	-7.235450e-01	-2.912281e-01
4.334537920055784e-01	-8.843225e-01	-5.077202e-01
4.341700056902696e-01	-9.661968e-01	-6.621431e-01
4.344790427572457e-01	-9.866370e-01	-7.185127e-01
4.348400536330653e-01	-9.987378e-01	-7.731825e-01
4.352405086133246e-01	-9.971468e-01	-8.219960e-01
4.356914808856991e-01	-9.764971e-01	-8.588429e-01
4.364225420055785e-01	-9.017891e-01	-8.798681e-01
4.373014482555785e-01	-7.498101e-01	-8.492305e-01
4.381803545055785e-01	-5.410276e-01	-7.571816e-01
4.390592607555784e-01	-2.912583e-01	-6.078406e-01
4.399381670055784e-01	-1.942419e-02	-4.124909e-01
4.408170732555784e-01	2.538815e-01	-1.859144e-01
4.416959795055784e-01	5.079538e-01	5.473367e-02
4.425748857555784e-01	7.235450e-01	2.912281e-01
4.434537920055783e-01	8.843225e-01	5.077202e-01
4.441700056902696e-01	9.661968e-01	6.621431e-01
4.444790427572458e-01	9.866370e-01	7.185127e-01
4.448400536330653e-01	9.987378e-01	7.731825e-01
4.452405086133246e-01	9.971468e-01	8.219960e-01
4.456914808856992e-01	9.764971e-01	8.588429e-01
4.464225420055786e-01	9.017891e-01	8.798681e-01
4.473014482555786e-01	7.498101e-01	8.492305e-01
4.481803545055786e-01	5.410276e-01	7.571816e-01
4.490592607555786e-01	2.912583e-01	6.078406e-01
4.499381670055785e-01	1.942419e-02	4.124909e-01
4.508170732555785e-01	-2.538815e-01	1.859144e-01
4.516959795055785e-01	-5.079538e-01	-5.473367e-02
4.525748857555785e-01	-7.235450e-01	-2.912281e-01
4.534537920055784e-01	-8.843225e-01	-5.077202e-01
4.541700056902696e-01	-9.661968e-01	-6.621431e-01
4.544790427572458e-01	-9.866370e-01	-7.185127e-01
4.548400536330652e-01	-9.987378e-01	-7.731825e-01
4.552405086133247e-01	-9.971468e-01	-8.219960e-01
4.556914808856992e-01	-9.764971e-01	-8.588429e-01
4.564225420055786e-01	-9.017891e-01	-8.798681e-01
4.573014482555786e-01	-7.498101e-01	-8.492305e-01
4.581803545055785e-01	-5.410276e-01	-7.571816e-01
4.590592607555785e-01	-2.912583e-01	-6.078406e-01
4.599381670055785e-01	-1.942419e-02	-4.124909e-01
4.608170732555785e-01	2.538815e-01	-1.859144e-01
4.616959795055784e-01	5.079538e-01	5.473367e-02
4.625748857555784e-01	7.235450e-01	2.912281e-01
4.634537920055784e-01	8.843225e-01	5.077202e-01
4.641700056902697e-01	9.661968e-01	6.621431e-01
4.644790427572458e-01	9.866370e-01	7.185127e-01
4.648400536330652e-01	9.987378e-01	7.731825e-01
4.652405086133246e-01	9.971468e-01	8.219960e-01
4.656914808856991e-01	9.764971e-01	8.588429e-01
4.664225420055785e-01	9.017891e-01	8.798681e-01
4.673014482555785e-01	7.498101e-01	8.492305e-01
4.681803545055784e-01	5.410276e-01	7.571816e-01
4.690592607555784e-01	2.912583e-01	6.078406e-01
4.699381670055784e-01	1.942419e-02	4.124909e-01
4.708170732555784e-01	-2.538815e-01	1.859144e-01
4.716959795055783e-01	-5.079538e-01	-5.473367e-02
4.725748857555783e-01	-7.235450e-01	-2.912281e-01
4.734537920055783e-01	-8.843225e-01	-5.077202e-01
4.741700056902696e-01	-9.661968e-01	-6.621431e-01
4.744790427572457e-01	-9.866370e-01	-7.185127e-01
4.748400536330653e-01	-9.987378e-01	-7.731825e-01
4.752405086133246e-01	-9.971468e-01	-8.219960e-01
4.756914808856992e-01	-9.764971e-01	-8.588429e-01
4.764225420055786e-01	-9.017891e-01	-8.798681e-01
4.773014482555786e-01	-7.498101e-01	-8.492305e-01
4.781803545055786e-01	-5.410276e-01	-7.571816e-01
4.790592607555785e-01	-2.912583e-01	-6.078406e-01
4.799381670055785e-01	-1.942419e-02	-4.124909e-01
4.808170732555785e-01	2.538815e-01	-1.859144e-01
4.816959795055785e-01	5.079538e-01	5.473367e-02
4.825748857555784e-01	7.235450e-01	2.912281e-01
4.834537920055784e-01	8.843225e-01	5.077202e-01
4.841700056902696e-01	9.661968e-01	6.621431e-01
4.844790427572458e-01	9.866370e-01	7.185127e-01
4.848400536330653e-01	9.987378e-01	7.731825e-01
4.852405086133246e-01	9.971468e-01	8.219960e-01
4.856914808856992e-01	9.764971e-01	8.588429e-01
4.864225420055786e-01	9.017891e-01	8.798681e-01
4.873014482555785e-01	7.498101e-01	8.492305e-01
4.881803545055785e-01	5.410276e-01	7.571816e-01
4.890592607555785e-01	2.912583e-01	6.078406e-01
4.899381670055785e-01	1.942419e-02	4.124909e-01
4.908170732555784e-01	-2.538815e-01	1.859144e-01
4.916959795055784e-01	-5.079538e-01	-5.473367e-02
4.925748857555784e-01	-7.235450e-01	-2.912281e-01
4.934537920055784e-01	-8.843225e-01	-5.077202e-01
4.941700056902696e-01	-9.661968e-01	-6.621431e-01
4.944790427572458e-01	-9.866370e-01	-7.185127e-01
4.948400536330653e-01	-9.987378e-01	-7.731825e-01
4.952405086133247e-01	-9.971468e-01	-8.219960e-01
4.956914808856993e-01	-9.764971e-01	-8.588429e-01
4.964225420055787e-01	-9.017891e-01	-8.798681e-01
4.973014482555786e-01	-7.498101e-01	-8.492305e-01
4.981803545055786e-01	-5.410276e-01	-7.571816e-01
4.990592607555786e-01	-2.912583e-01	-6.078406e-01
4.999381670055786e-01	-1.942419e-02	-4.124909e-01
5.008170732555786e-01	2.538815e-01	-1.859144e-01
5.016959795055785e-01	5.079538e-01	5.473367e-02
5.025748857555785e-01	7.235450e-01	2.912281e-01
5.034537920055785e-01	8.843225e-01	5.077202e-01
5.041700056902697e-01	9.661968e-01	6.621431e-01
5.044790427572459e-01	9.866370e-01	7.185127e-01
5.048400536330654e-01	9.987378e-01	7.731825e-01
5.052405086133247e-01	9.971468e-01	8.219960e-01
5.056914808856993e-01	9.764971e-01	8.588429e-01
5.064225420055787e-01	9.017891e-01	8.798681e-01
5.073014482555787e-01	7.498101e-01	8.492305e-01
5.081803545055786e-01	5.410276e-01	7.571816e-01
5.090592607555786e-01	2.912583e-01	6.078406e-01
5.099381670055786e-01	1.942419e-02	4.124909e-01
5.108170732555786e-01	-2.538815e-01	1.859144e-01
5.116959795055785e-01	-5.079538e-01	-5.473367e-02
5.125748857555785e-01	-7.235450e-01	-2.912281e-01
5.134537920055785e-01	-8.843225e-01	-5.077202e-01
5.141700056902696e-01	-9.661968e-01	-6.621431e-01
5.144790427572458e-01	-9.866370e-01	-7.185127e-01
5.148400536330653e-01	-9.987378e-01	-7.731825e-01
5.152405086133246e-01	-9.971468e-01	-8.219960e-01
5.156914808856992e-01	-9.764971e-01	-8.588429e-01
5.164225420055786e-01	-9.017891e-01	-8.798681e-01
5.173014482555786e-01	-7.498101e-01	-8.492305e-01
5.181803545055785e-01	-5.410276e-01	-7.571816e-01
5.190592607555785e-01	-2.912583e-01	-6.078406e-01
5.199381670055785e-01	-1.942419e-02	-4.124909e-01
5.208170732555785e-01	2.538815e-01	-1.859144e-01
5.216959795055784e-01	5.079538e-01	5.473367e-02
5.225748857555784e-01	7.235450e-01	2.912281e-01
5.234537920055784e-01	8.843225e-01	5.077202e-01
5.241700056902696e-01	9.661968e-01	6.621431e-01
5.244790427572458e-01	9.866370e-01	7.185127e-01
5.248400536330652e-01	9.987378e-01	7.731825e-01
5.252405086133246e-01	9.971468e-01	8.219960e-01
5.256914808856992e-01	9.764971e-01	8.588429e-01
5.264225420055785e-01	9.017891e-01	8.798681e-01
5.273014482555785e-01	7.498101e-01	8.492305e-01
5.281803545055784e-01	5.410276e-01	7.571816e-01
5.290592607555784e-01	2.912583e-01	6.078406e-01
5.299381670055784e-01	1.942419e-02	4.124909e-01
5.308170732555784e-01	-2.538815e-01	1.859144e-01
5.316959795055783e-01	-5.079538e-01	-5.473367e-02
5.325748857555783e-01	-7.235450e-01	-2.912281e-01
5.334537920055783e-01	-8.843225e-01	-5.077202e-01
5.341700056902695e-01	-9.661968e-01	-6.621431e-01
5.344790427572457e-01	-9.866370e-01	-7.185127e-01
5.348400536330652e-01	-9.987378e-01	-7.731825e-01
5.352405086133246e-01	-9.971468e-01	-8.219960e-01
5.356914808856992e-01	-9.764971e-01	-8.588429e-01
5.364225420055786e-01	-9.017891e-01	-8.798681e-01
5.373014482555786e-01	-7.498101e-01	-8.492305e-01
5.381803545055786e-01	-5.410276e-01	-7.571816e-01
5.390592607555785e-01	-2.912583e-01	-6.078406e-01
5.399381670055785e-01	-1.942419e-02	-4.124909e-01
5.408170732555785e-01	2.538815e-01	-1.859144e-01
5.416959795055785e-01	5.079538e-01	5.473367e-02
5.425748857555784e-01	7.235450e-01	2.912281e-01
5.434537920055784e-01	8.843225e-01	5.077202e-01
5.441700056902696e-01	9.661968e-01	6.621431e-01
5.444790427572458e-01	9.866370e-01	7.185127e-01
5.448400536330653e-01	9.987378e-01	7.731825e-01
5.452405086133247e-01	9.971468e-01	8.219960e-01
5.456914808856993e-01	9.764971e-01	8.588429e-01
5.464225420055788e-01	9.017891e-01	8.798681e-01
5.473014482555788e-01	7.498101e-01	8.492305e-01
5.481803545055788e-01	5.410276e-01	7.571816e-01
5.490592607555788e-01	2.912583e-01	6.078406e-01
5.499381670055787e-01	1.942419e-02	4.124909e-01
5.508170732555787e-01	-2.538815e-01	1.859144e-01
5.516959795055787e-01	-5.079538e-01	-5.473367e-02
5.525748857555787e-01	-7.235450e-01	-2.912281e-01
5.534537920055786e-01	-8.843225e-01	-5.077202e-01
5.541700056902696e-01	-9.661968e-01	-6.621431e-01
5.544790427572458e-01	-9.866370e-01	-7.185127e-01
5.548400536330653e-01	-9.987378e-01	-7.731825e-01
5.552405086133246e-01	-9.971468e-01	-8.219960e-01
5.556914808856992e-01	-9.764971e-01	-8.588429e-01
5.564225420055786e-01	-9.017891e-01	-8.798681e-01
5.573014482555786e-01	-7.498101e-01	-8.492305e-01
5.581803545055786e-01	-5.410276e-01	-7.571816e-01
5.590592607555785e-01	-2.912583e-01	-6.078406e-01
5.599381670055785e-01	-1.942419e-02	-4.124909e-01
5.608170732555785e-01	2.538815e-01	-1.859144e-01
5.616959795055785e-01	5.079538e-01	5.473367e-02
5.625748857555785e-01	7.235450e-01	2.912281e-01
5.634537920055784e-01	8.843225e-01	5.077202e-01
5.641700056902696e-01	9.661968e-01	6.621431e-01
5.644790427572458e-01	9.866370e-01	7.185127e-01
5.648400536330653e-01	9.987378e-01	7.731825e-01
5.652405086133246e-01	9.971468e-01	8.219960e-01
5.656914808856992e-01	9.764971e-01	8.588429e-01
5.664225420055786e-01	9.017891e-01	8.798681e-01
5.673014482555786e-01	7.498101e-01	8.492305e-01
5.681803545055786e-01	5.410276e-01	7.571816e-01
5.690592607555786e-01	2.912583e-01	6.078406e-01
5.699381670055785e-01	1.942419e-02	4.124909e-01
5.708170732555785e-01	-2.538815e-01	1.859144e-01
5.716959795055785e-01	-5.079538e-01	-5.473367e-02
5.725748857555785e-01	-7.235450e-01	-2.912281e-01
5.734537920055784e-01	-8.843225e-01	-5.077202e-01
5.741700056902697e-01	-9.661968e-01	-6.621431e-01
5.744790427572458e-01	-9.866370e-01	-7.185127e-01
5.748400536330653e-01	-9.987378e-01	-7.731825e-01
5.752405086133247e-01	-9.971468e-01	-8.219960e-01
5.756914808856992e-01	-9.764971e-01	-8.588429e-01
5.764225420055786e-01	-9.017891e-01	-8.798681e-01
5.773014482555786e-01	-7.498101e-01	-8.492305e-01
5.781803545055786e-01	-5.410276e-01	-7.571816e-01
5.790592607555786e-01	-2.912583e-01	-6.078406e-01
5.799381670055785e-01	-1.942419e-02	-4.124909e-01
5.808170732555785e-01	2.538815e-01	-1.859144e-01
5.816959795055785e-01	5.079538e-01	5.473367e-02
5.825748857555785e-01	7.235450e-01	2.912281e-01
5.834537920055785e-01	8.843225e-01	5.077202e-01
5.841700056902697e-01	9.661968e-01	6.621431e-01
5.844790427572458e-01	9.866370e-01	7.185127e-01
5.848400536330652e-01	9.987378e-01	7.731825e-01
5.852405086133247e-01	9.971468e-01	8.219960e-01
5.856914808856992e-01	9.764971e-01	8.588429e-01
5.864225420055786e-01	9.017891e-01	8.798681e-01
5.873014482555786e-01	7.498101e-01	8.492305e-01
5.881803545055786e-01	5.410276e-01	7.571816e-01
5.890592607555786e-01	2.912583e-01	6.078406e-01
5.899381670055786e-01	1.942419e-02	4.124909e-01
5.908170732555785e-01	-2.538815e-01	1.859144e-01
5.916959795055785e-01	-5.079538e-01	-5.473367e-02
5.925748857555785e-01	-7.235450e-01	-2.912281e-01
5.934537920055785e-01	-8.843225e-01	-5.077202e-01
5.941700056902696e-01	-9.661968e-01	-6.621431e-01
5.944790427572457e-01	-9.866370e-01	-7.185127e-01
5.948400536330652e-01	-9.987378e-01	-7.731825e-01
5.952405086133247e-01	-9.971468e-01	-8.219960e-01
5.956914808856992e-01	-9.764971e-01	-8.588429e-01
5.964225420055786e-01	-9.017891e-01	-8.798681e-01
5.973014482555786e-01	-7.498101e-01	-8.492305e-01
5.981803545055786e-01	-5.410276e-01	-7.571816e-01
5.990592607555786e-01	-2.912583e-01	-6.078406e-01
5.999381670055786e-01	-1.942419e-02	-4.124909e-01
6.008170732555785e-01	2.538815e-01	-1.859144e-01
6.016959795055785e-01	5.079538e-01	5.473367e-02
6.025748857555785e-01	7.235450e-01	2.912281e-01
6.034537920055785e-01	8.843225e-01	5.077202e-01
6.041700056902696e-01	9.661968e-01	6.621431e-01
6.044790427572457e-01	9.866370e-01	7.185127e-01
6.048400536330651e-01	9.987378e-01	7.731825e-01
6.052405086133246e-01	9.971468e-01	8.219960e-01
6.056914808856990e-01	9.764971e-01	8.588429e-01
6.064225420055783e-01	9.017891e-01	8.798681e-01
6.073014482555783e-01	7.498101e-01	8.492305e-01
6.081803545055783e-01	5.410276e-01	7.571816e-01
6.090592607555783e-01	2.912583e-01	6.078406e-01
6.099381670055782e-01	1.942419e-02	4.124909e-01
6.108170732555782e-01	-2.538815e-01	1.859144e-01
6.116959795055782e-01	-5.079538e-01	-5.473367e-02
6.125748857555782e-01	-7.235450e-01	-2.912281e-01
6.134537920055781e-01	-8.843225e-01	-5.077202e-01
6.141700056902695e-01	-9.661968e-01	-6.621431e-01
6.144790427572456e-01	-9.866370e-01	-7.185127e-01
6.148400536330652e-01	-9.987378e-01	-7.731825e-01
6.152405086133246e-01	-9.971468e-01	-8.219960e-01
6.156914808856991e-01	-9.764971e-01	-8.588429e-01
6.164225420055786e-01	-9.017891e-01	-8.798681e-01
6.173014482555785e-01	-7.498101e-01	-8.492305e-01
6.181803545055785e-01	-5.410276e-01	-7.571816e-01
6.190592607555785e-01	-2.912583e-01	-6.078406e-01
6.199381670055785e-01	-1.942419e-02	-4.124909e-01
6.208170732555784e-01	2.538815e-01	-1.859144e-01
6.216959795055784e-01	5.079538e-01	5.473367e-02
6.225748857555784e-01	7.235450e-01	2.912281e-01
6.234537920055784e-01	8.843225e-01	5.077202e-01
6.241700056902696e-01	9.661968e-01	6.621431e-01
6.244790427572458e-01	9.866370e-01	7.185127e-01
6.248400536330652e-01	9.987378e-01	7.731825e-01
6.252405086133246e-01	9.971468e-01	8.219960e-01
6.256914808856991e-01	9.764971e-01	8.588429e-01
6.264225420055786e-01	9.017891e-01	8.798681e-01
6.273014482555785e-01	7.498101e-01	8.492305e-01
6.281803545055785e-01	5.410276e-01	7.571816e-01
6.290592607555785e-01	2.912583e-01	6.078406e-01
6.299381670055785e-01	1.942419e-02	4.124909e-01
6.308170732555785e-01	-2.538815e-01	1.859144e-01
6.316959795055784e-01	-5.079538e-01	-5.473367e-02
6.325748857555784e-01	-7.235450e-01	-2.912281e-01
6.334537920055784e-01	-8.843225e-01	-5.077202e-01
6.341700056902696e-01	-9.661968e-01	-6.621431e-01
6.344790427572458e-01	-9.866370e-01	-7.185127e-01
6.348400536330653e-01	-9.987378e-01	-7.731825e-01
6.352405086133247e-01	-9.971468e-01	-8.219960e-01
6.356914808856993e-01	-9.764971e-01	-8.588429e-01
6.364225420055787e-01	-9.017891e-01	-8.798681e-01
6.373014482555787e-01	-7.498101e-01	-8.492305e-01
6.381803545055786e-01	-5.410276e-01	-7.571816e-01
6.390592607555786e-01	-2.912583e-01	-6.078406e-01
6.399381670055786e-01	-1.942419e-02	-4.124909e-01
6.408170732555786e-01	2.538815e-01	-1.859144e-01
6.416959795055786e-01	5.079538e-01	5.473367e-02
6.425748857555785e-01	7.235450e-01	2.912281e-01
6.434537920055785e-01	8.843225e-01	5.077202e-01
6.441700056902696e-01	9.661968e-01	6.621431e-01
6.444790427572458e-01	9.866370e-01	7.185127e-01
6.448400536330653e-01	9.987378e-01	7.731825e-01
6.452405086133247e-01	9.971468e-01	8.219960e-01
6.456914808856994e-01	9.764971e-01	8.588429e-01
6.464225420055789e-01	9.017891e-01	8.798681e-01
6.473014482555789e-01	7.498101e-01	8.492305e-01
6.481803545055789e-01	5.410276e-01	7.571816e-01
6.490592607555788e-01	2.912583e-01	6.078406e-01
6.499381670055788e-01	1.942419e-02	4.124909e-01
6.508170732555788e-01	-2.538815e-01	1.859144e-01
6.516959795055788e-01	-5.079538e-01	-5.473367e-02
6.525748857555788e-01	-7.235450e-01	-2.912281e-01
6.534537920055787e-01	-8.843225e-01	-5.077202e-01
6.541700056902697e-01	-9.661968e-01	-6.621431e-01
6.544790427572459e-01	-9.866370e-01	-7.185127e-01
6.548400536330653e-01	-9.987378e-01	-7.731825e-01
6.552405086133247e-01	-9.971468e-01	-8.219960e-01
6.556914808856994e-01	-9.764971e-01	-8.588429e-01
6.564225420055789e-01	-9.017891e-01	-8.798681e-01
6.573014482555789e-01	-7.498101e-01	-8.492305e-01
6.581803545055789e-01	-5.410276e-01	-7.571816e-01
6.590592607555789e-01	-2.912583e-01	-6.078406e-01
6.599381670055788e-01	-1.942419e-02	-4.124909e-01
6.608170732555788e-01	2.538815e-01	-1.859144e-01
6.616959795055788e-01	5.079538e-01	5.473367e-02
6.625748857555788e-01	7.235450e-01	2.912281e-01
6.634537920055787e-01	8.843225e-01	5.077202e-01
6.641700056902697e-01	9.661968e-01	6.621431e-01
6.644790427572459e-01	9.866370e-01	7.185127e-01
6.648400536330655e-01	9.987378e-01	7.731825e-01
6.652405086133247e-01	9.971468e-01	8.219960e-01
6.656914808856993e-01	9.764971e-01	8.588429e-01
6.664225420055788e-01	9.017891e-01	8.798681e-01
6.673014482555788e-01	7.498101e-01	8.492305e-01
6.681803545055788e-01	5.410276e-01	7.571816e-01
6.690592607555788e-01	2.912583e-01	6.078406e-01
6.699381670055787e-01	1.942419e-02	4.124909e-01
6.708170732555787e-01	-2.538815e-01	1.859144e-01
6.716959795055787e-01	-5.079538e-01	-5.473367e-02
6.725748857555787e-01	-7.235450e-01	-2.912281e-01
6.734537920055786e-01	-8.843225e-01	-5.077202e-01
6.741700056902696e-01	-9.661968e-01	-6.621431e-01
6.744790427572458e-01	-9.866370e-01	-7.185127e-01
6.748400536330653e-01	-9.987378e-01	-7.731825e-01
6.752405086133246e-01	-9.971468e-01	-8.219960e-01
6.756914808856992e-01	-9.764971e-01	-8.588429e-01
6.764225420055786e-01	-9.017891e-01	-8.798681e-01
6.773014482555786e-01	-7.498101e-01	-8.492305e-01
6.781803545055786e-01	-5.410276e-01	-7.571816e-01
6.790592607555785e-01	-2.912583e-01	-6.078406e-01
6.799381670055785e-01	-1.942419e-02	-4.124909e-01
6.808170732555785e-01	2.538815e-01	-1.859144e-01
6.816959795055785e-01	5.079538e-01	5.473367e-02
6.825748857555785e-01	7.235450e-01	2.912281e-01
6.834537920055784e-01	8.843225e-01	5.077202e-01
6.841700056902695e-01	9.661968e-01	6.621431e-01
6.844790427572457e-01	9.866370e-01	7.185127e-01
6.848400536330651e-01	9.987378e-01	7.731825e-01
6.852405086133245e-01	9.971468e-01	8.219960e-01
6.856914808856990e-01	9.764971e-01	8.588429e-01
6.864225420055782e-01	9.017891e-01	8.798681e-01
6.873014482555782e-01	7.498101e-01	8.492305e-01
6.881803545055781e-01	5.410276e-01	7.571816e-01
6.890592607555781e-01	2.912583e-01	6.078406e-01
6.899381670055781e-01	1.942419e-02	4.124909e-01
6.908170732555781e-01	-2.538815e-01	1.859144e-01
6.916959795055780e-01	-5.079538e-01	-5.473367e-02
6.925748857555780e-01	-7.235450e-01	-2.912281e-01
6.934537920055780e-01	-8.843225e-01	-5.077202e-01
6.941700056902694e-01	-9.661968e-01	-6.621431e-01
6.944790427572456e-01	-9.866370e-01	-7.185127e-01
6.948400536330650e-01	-9.987378e-01	-7.731825e-01
6.952405086133245e-01	-9.971468e-01	-8.219960e-01
6.956914808856990e-01	-9.764971e-01	-8.588429e-01
6.964225420055783e-01	-9.017891e-01	-8.798681e-01
6.973014482555783e-01	-7.498101e-01	-8.492305e-01
6.981803545055782e-01	-5.410276e-01	-7.571816e-01
6.990592607555782e-01	-2.912583e-01	-6.078406e-01
6.999381670055782e-01	-1.942419e-02	-4.124909e-01
7.008170732555782e-01	2.538815e-01	-1.859144e-01
7.016959795055782e-01	5.079538e-01	5.473367e-02
7.025748857555781e-01	7.235450e-01	2.912281e-01
7.034537920055781e-01	8.843225e-01	5.077202e-01
7.041700056902696e-01	9.661968e-01	6.621431e-01
7.044790427572457e-01	9.866370e-01	7.185127e-01
7.048400536330651e-01	9.987378e-01	7.731825e-01
7.052405086133245e-01	9.971468e-01	8.219960e-01
7.056914808856991e-01	9.764971e-01	8.588429e-01
7.064225420055785e-01	9.017891e-01	8.798681e-01
7.073014482555785e-01	7.498101e-01	8.492305e-01
7.081803545055785e-01	5.410276e-01	7.571816e-01
7.090592607555785e-01	2.912583e-01	6.078406e-01
7.099381670055784e-01	1.942419e-02	4.124909e-01
7.108170732555784e-01	-2.538815e-01	1.859144e-01
7.116959795055784e-01	-5.079538e-01	-5.473367e-02
7.125748857555784e-01	-7.235450e-01	-2.912281e-01
7.134537920055783e-01	-8.843225e-01	-5.077202e-01
7.141700056902697e-01	-9.661968e-01	-6.621431e-01
7.144790427572458e-01	-9.866370e-01	-7.185127e-01
7.148400536330652e-01	-9.987378e-01	-7.731825e-01
7.152405086133247e-01	-9.971468e-01	-8.219960e-01
7.156914808856992e-01	-9.764971e-01	-8.588429e-01
7.164225420055786e-01	-9.017891e-01	-8.798681e-01
7.173014482555786e-01	-7.498101e-01	-8.492305e-01
7.181803545055786e-01	-5.410276e-01	-7.571816e-01
7.190592607555786e-01	-2.912583e-01	-6.078406e-01
7.199381670055786e-01	-1.942419e-02	-4.124909e-01
7.208170732555785e-01	2.538815e-01	-1.859144e-01
7.216959795055785e-01	5.079538e-01	5.473367e-02
7.225748857555785e-01	7.235450e-01	2.912281e-01
7.234537920055785e-01	8.843225e-01	5.077202e-01
7.241700056902696e-01	9.661968e-01	6.621431e-01
7.244790427572457e-01	9.866370e-01	7.185127e-01
7.248400536330653e-01	9.987378e-01	7.731825e-01
7.252405086133247e-01	9.971468e-01	8.219960e-01
7.256914808856992e-01	9.764971e-01	8.588429e-01
7.264225420055787e-01	9.017891e-01	8.798681e-01
7.273014482555786e-01	7.498101e-01	8.492305e-01
7.281803545055786e-01	5.410276e-01	7.571816e-01
7.290592607555786e-01	2.912583e-01	6.078406e-01
7.299381670055786e-01	1.942419e-02	4.124909e-01
7.308170732555785e-01	-2.538815e-01	1.859144e-01
7.316959795055785e-01	-5.079538e-01	-5.473367e-02
7.325748857555785e-01	-7.235450e-01	-2.912281e-01
7.334537920055785e-01	-8.843225e-01	-5.077202e-01
7.341700056902696e-01	-9.661968e-01	-6.621431e-01
7.344790427572458e-01	-9.866370e-01	-7.185127e-01
7.348400536330655e-01	-9.987378e-01	-7.731825e-01
7.352405086133248e-01	-9.971468e-01	-8.219960e-01
7.356914808856995e-01	-9.764971e-01	-8.588429e-01
7.364225420055790e-01	-9.017891e-01	-8.798681e-01
7.373014482555790e-01	-7.498101e-01	-8.492305e-01
7.381803545055790e-01	-5.410276e-01	-7.571816e-01
7.390592607555789e-01	-2.912583e-01	-6.078406e-01
7.399381670055789e-01	-1.942419e-02	-4.124909e-01
7.408170732555789e-01	2.538815e-01	-1.859144e-01
7.416959795055789e-01	5.079538e-01	5.473367e-02
7.425748857555788e-01	7.235450e-01	2.912281e-01
7.434537920055788e-01	8.843225e-01	5.077202e-01
7.441700056902698e-01	9.661968e-01	6.621431e-01
7.444790427572460e-01	9.866370e-01	7.185127e-01
7.448400536330656e-01	9.987378e-01	7.731825e-01
7.452405086133247e-01	9.971468e-01	8.219960e-01
7.456914808856993e-01	9.764971e-01	8.588429e-01
7.464225420055788e-01	9.017891e-01	8.798681e-01
7.473014482555788e-01	7.498101e-01	8.492305e-01
7.481803545055787e-01	5.410276e-01	7.571816e-01
7.490592607555787e-01	2.912583e-01	6.078406e-01
7.499381670055787e-01	1.942419e-02	4.124909e-01
7.508170732555787e-01	-2.538815e-01	1.859144e-01
7.516959795055786e-01	-5.079538e-01	-5.473367e-02
7.525748857555786e-01	-7.235450e-01	-2.912281e-01
7.534537920055786e-01	-8.843225e-01	-5.077202e-01
7.541700056902697e-01	-9.661968e-01	-6.621431e-01
7.544790427572458e-01	-9.866370e-01	-7.185127e-01
7.548400536330652e-01	-9.987378e-01	-7.731825e-01
7.552405086133246e-01	-9.971468e-01	-8.219960e-01
7.556914808856992e-01	-9.764971e-01	-8.588429e-01
7.564225420055786e-01	-9.017891e-01	-8.798681e-01
7.573014482555785e-01	-7.498101e-01	-8.492305e-01
7.581803545055785e-01	-5.410276e-01	-7.571816e-01
7.590592607555785e-01	-2.912583e-01	-6.078406e-01
7.599381670055785e-01	-1.942419e-02	-4.124909e-01
7.608170732555785e-01	2.538815e-01	-1.859144e-01
7.616959795055784e-01	5.079538e-01	5.473367e-02
7.625748857555784e-01	7.235450e-01	2.912281e-01
7.634537920055784e-01	8.843225e-01	5.077202e-01
7.641700056902696e-01	9.661968e-01	6.621431e-01
7.644790427572458e-01	9.866370e-01	7.185127e-01
7.648400536330652e-01	9.987378e-01	7.731825e-01
7.652405086133247e-01	9.971468e-01	8.219960e-01
7.656914808856993e-01	9.764971e-01	8.588429e-01
7.664225420055787e-01	9.017891e-01	8.798681e-01
7.673014482555787e-01	7.498101e-01	8.492305e-01
7.681803545055786e-01	5.410276e-01	7.571816e-01
7.690592607555786e-01	2.912583e-01	6.078406e-01
7.699381670055786e-01	1.942419e-02	4.124909e-01
7.708170732555786e-01	-2.538815e-01	1.859144e-01
7.716959795055786e-01	-5.079538e-01	-5.473367e-02
7.725748857555785e-01	-7.235450e-01	-2.912281e-01
7.734537920055785e-01	-8.843225e-01	-5.077202e-01
7.741700056902696e-01	-9.661968e-01	-6.621431e-01
7.744790427572458e-01	-9.866370e-01	-7.185127e-01
7.748400536330653e-01	-9.987378e-01	-7.731825e-01
7.752405086133246e-01	-9.971468e-01	-8.219960e-01
7.756914808856992e-01	-9.764971e-01	-8.588429e-01
7.764225420055786e-01	-9.017891e-01	-8.798681e-01
7.773014482555786e-01	-7.498101e-01	-8.492305e-01
7.781803545055785e-01	-5.410276e-01	-7.571816e-01
7.790592607555785e-01	-2.912583e-01	-6.078406e-01
7.799381670055785e-01	-1.942419e-02	-4.124909e-01
7.808170732555785e-01	2.538815e-01	-1.859144e-01
7.816959795055785e-01	5.079538e-01	5.473367e-02
7.825748857555784e-01	7.235450e-01	2.912281e-01
7.834537920055784e-01	8.843225e-01	5.077202e-01
7.841700056902695e-01	9.661968e-01	6.621431e-01
7.844790427572457e-01	9.866370e-01	7.185127e-01
7.848400536330650e-01	9.987378e-01	7.731825e-01
7.852405086133245e-01	9.971468e-01	8.219960e-01
7.856914808856991e-01	9.764971e-01	8.588429e-01
7.864225420055784e-01	9.017891e-01	8.798681e-01
7.873014482555784e-01	7.498101e-01	8.492305e-01
7.881803545055783e-01	5.410276e-01	7.571816e-01
7.890592607555783e-01	2.912583e-01	6.078406e-01
7.899381670055783e-01	1.942419e-02	4.124909e-01
7.908170732555783e-01	-2.538815e-01	1.859144e-01
7.916959795055782e-01	-5.079538e-01	-5.473367e-02
7.925748857555782e-01	-7.235450e-01	-2.912281e-01
7.934537920055782e-01	-8.843225e-01	-5.077202e-01
7.941700056902696e-01	-9.661968e-01	-6.621431e-01
7.944790427572458e-01	-9.866370e-01	-7.185127e-01
7.948400536330652e-01	-9.987378e-01	-7.731825e-01
7.952405086133246e-01	-9.971468e-01	-8.219960e-01
7.956914808856992e-01	-9.764971e-01	-8.588429e-01
7.964225420055786e-01	-9.017891e-01	-8.798681e-01
7.973014482555786e-01	-7.498101e-01	-8.492305e-01
7.981803545055786e-01	-5.410276e-01	-7.571816e-01
7.990592607555785e-01	-2.912583e-01	-6.078406e-01
7.999381670055785e-01	-1.942419e-02	-4.124909e-01
8.008170732555785e-01	2.538815e-01	-1.859144e-01
8.016959795055785e-01	5.079538e-01	5.473367e-02
8.025748857555784e-01	7.235450e-01	2.912281e-01
8.034537920055784e-01	8.843225e-01	5.077202e-01
8.041700056902695e-01	9.661968e-01	6.621431e-01
8.044790427572457e-01	9.866370e-01	7.185127e-01
8.048400536330652e-01	9.987378e-01	7.731825e-01
8.052405086133246e-01	9.971468e-01	8.219960e-01
8.056914808856992e-01	9.764971e-01	8.588429e-01
8.064225420055786e-01	9.017891e-01	8.798681e-01
8.073014482555786e-01	7.498101e-01	8.492305e-01
8.081803545055786e-01	5.410276e-01	7.571816e-01
8.090592607555785e-01	2.912583e-01	6.078406e-01
8.099381670055785e-01	1.942419e-02	4.124909e-01
8.108170732555785e-01	-2.538815e-01	1.859144e-01
8.116959795055785e-01	-5.079538e-01	-5.473367e-02
8.125748857555785e-01	-7.235450e-01	-2.912281e-01
8.134537920055784e-01	-8.843225e-01	-5.077202e-01
8.141700056902696e-01	-9.661968e-01	-6.621431e-01
8.144790427572458e-01	-9.866370e-01	-7.185127e-01
8.148400536330652e-01	-9.987378e-01	-7.731825e-01
8.152405086133246e-01	-9.971468e-01	-8.219960e-01
8.156914808856991e-01	-9.764971e-01	-8.588429e-01
8.164225420055784e-01	-9.017891e-01	-8.798681e-01
8.173014482555784e-01	-7.498101e-01	-8.492305e-01
8.181803545055784e-01	-5.410276e-01	-7.571816e-01
8.190592607555783e-01	-2.912583e-01	-6.078406e-01
8.199381670055783e-01	-1.942419e-02	-4.124909e-01
8.208170732555783e-01	2.538815e-01	-1.859144e-01
8.216959795055783e-01	5.079538e-01	5.473367e-02
8.225748857555782e-01	7.235450e-01	2.912281e-01
8.234537920055782e-01	8.843225e-01	5.077202e-01
8.241700056902695e-01	9.661968e-01	6.621431e-01
8.244790427572457e-01	9.866370e-01	7.185127e-01
8.248400536330652e-01	9.987378e-01	7.731825e-01
8.252405086133247e-01	9.971468e-01	8.219960e-01
8.256914808856991e-01	9.764971e-01	8.588429e-01
8.264225420055784e-01	9.017891e-01	8.798681e-01
8.273014482555784e-01	7.498101e-01	8.492305e-01
8.281803545055784e-01	5.410276e-01	7.571816e-01
8.290592607555783e-01	2.912583e-01	6.078406e-01
8.299381670055783e-01	1.942419e-02	4.124909e-01
8.308170732555783e-01	-2.538815e-01	1.859144e-01
8.316959795055783e-01	-5.079538e-01	-5.473367e-02
8.325748857555783e-01	-7.235450e-01	-2.912281e-01
8.334537920055782e-01	-8.843225e-01	-5.077202e-01
8.341700056902696e-01	-9.661968e-01	-6.621431e-01
8.344790427572457e-01	-9.866370e-01	-7.185127e-01
8.348400536330651e-01	-9.987378e-01	-7.731825e-01
8.352405086133246e-01	-9.971468e-01	-8.219960e-01
8.356914808856990e-01	-9.764971e-01	-8.588429e-01
8.364225420055782e-01	-9.017891e-01	-8.798681e-01
8.373014482555782e-01	-7.498101e-01	-8.492305e-01
8.381803545055782e-01	-5.410276e-01	-7.571816e-01
8.390592607555781e-01	-2.912583e-01	-6.078406e-01
8.399381670055781e-01	-1.942419e-02	-4.124909e-01
8.408170732555781e-01	2.538815e-01	-1.859144e-01
8.416959795055781e-01	5.079538e-01	5.473367e-02
8.425748857555780e-01	7.235450e-01	2.912281e-01
8.434537920055780e-01	8.843225e-01	5.077202e-01
8.441700056902695e-01	9.661968e-01	6.621431e-01
8.444790427572456e-01	9.866370e-01	7.185127e-01
8.448400536330650e-01	9.987378e-01	7.731825e-01
8.452405086133244e-01	9.971468e-01	8.219960e-01
8.456914808856989e-01	9.764971e-01	8.588429e-01
8.464225420055781e-01	9.017891e-01	8.798681e-01
8.473014482555781e-01	7.498101e-01	8.492305e-01
8.481803545055780e-01	5.410276e-01	7.571816e-01
8.490592607555780e-01	2.912583e-01	6.078406e-01
8.499381670055780e-01	1.942419e-02	4.124909e-01
8.508170732555780e-01	-2.538815e-01	1.859144e-01
8.516959795055780e-01	-5.079538e-01	-5.473367e-02
8.525748857555779e-01	-7.235450e-01	-2.912281e-01
8.534537920055779e-01	-8.843225e-01	-5.077202e-01
8.541700056902695e-01	-9.661968e-01	-6.621431e-01
8.544790427572457e-01	-9.866370e-01	-7.185127e-01
8.548400536330654e-01	-9.987378e-01	-7.731825e-01
8.552405086133247e-01	-9.971468e-01	-8.219960e-01
8.556914808856994e-01	-9.764971e-01	-8.588429e-01
8.564225420055789e-01	-9.017891e-01	-8.798681e-01
8.573014482555789e-01	-7.498101e-01	-8.492305e-01
8.581803545055788e-01	-5.410276e-01	-7.571816e-01
8.590592607555788e-01	-2.912583e-01	-6.078406e-01
8.599381670055788e-01	-1.942419e-02	-4.124909e-01
8.608170732555788e-01	2.538815e-01	-1.859144e-01
8.616959795055787e-01	5.079538e-01	5.473367e-02
8.625748857555787e-01	7.235450e-01	2.912281e-01
8.634537920055787e-01	8.843225e-01	5.077202e-01
8.641700056902697e-01	9.661968e-01	6.621431e-01
8.644790427572459e-01	9.866370e-01	7.185127e-01
8.648400536330654e-01	9.987378e-01	7.731825e-01
8.652405086133247e-01	9.971468e-01	8.219960e-01
8.656914808856992e-01	9.764971e-01	8.588429e-01
8.664225420055786e-01	9.017891e-01	8.798681e-01
8.673014482555785e-01	7.498101e-01	8.492305e-01
8.681803545055785e-01	5.410276e-01	7.571816e-01
8.690592607555785e-01	2.912583e-01	6.078406e-01
8.699381670055785e-01	1.942419e-02	4.124909e-01
8.708170732555784e-01	-2.538815e-01	1.859144e-01
8.716959795055784e-01	-5.079538e-01	-5.473367e-02
8.725748857555784e-01	-7.235450e-01	-2.912281e-01
8.734537920055784e-01	-8.843225e-01	-5.077202e-01
8.741700056902696e-01	-9.661968e-01	-6.621431e-01
8.744790427572458e-01	-9.866370e-01	-7.185127e-01
8.748400536330652e-01	-9.987378e-01	-7.731825e-01
8.752405086133246e-01	-9.971468e-01	-8.219960e-01
8.756914808856990e-01	-9.764971e-01	-8.588429e-01
8.764225420055782e-01	-9.017891e-01	-8.798681e-01
8.773014482555782e-01	-7.498101e-01	-8.492305e-01
8.781803545055782e-01	-5.410276e-01	-7.571816e-01
8.790592607555782e-01	-2.912583e-01	-6.078406e-01
8.799381670055781e-01	-1.942419e-02	-4.124909e-01
8.808170732555781e-01	2.538815e-01	-1.859144e-01
8.816959795055781e-01	5.079538e-01	5.473367e-02
8.825748857555781e-01	7.235450e-01	2.912281e-01
8.834537920055781e-01	8.843225e-01	5.077202e-01
8.841700056902695e-01	9.661968e-01	6.621431e-01
8.844790427572456e-01	9.866370e-01	7.185127e-01
8.848400536330652e-01	9.987378e-01	7.731825e-01
8.852405086133246e-01	9.971468e-01	8.219960e-01
8.856914808856990e-01	9.764971e-01	8.588429e-01
8.864225420055784e-01	9.017891e-01	8.798681e-01
8.873014482555783e-01	7.498101e-01	8.492305e-01
8.881803545055783e-01	5.410276e-01	7.571816e-01
8.890592607555783e-01	2.912583e-01	6.078406e-01
8.899381670055783e-01	1.942419e-02	4.124909e-01
8.908170732555782e-01	-2.538815e-01	1.859144e-01
8.916959795055782e-01	-5.079538e-01	-5.473367e-02
8.925748857555782e-01	-7.235450e-01	-2.912281e-01
8.934537920055782e-01	-8.843225e-01	-5.077202e-01
8.941700056902695e-01	-9.661968e-01	-6.621431e-01
8.944790427572457e-01	-9.866370e-01	-7.185127e-01
8.948400536330651e-01	-9.987378e-01	-7.731825e-01
8.952405086133246e-01	-9.971468e-01	-8.219960e-01
8.956914808856992e-01	-9.764971e-01	-8.588429e-01
8.964225420055786e-01	-9.017891e-01	-8.798681e-01
8.973014482555786e-01	-7.498101e-01	-8.492305e-01
8.981803545055785e-01	-5.410276e-01	-7.571816e-01
8.990592607555785e-01	-2.912583e-01	-6.078406e-01
8.999381670055785e-01	-1.942419e-02	-4.197532e-01
9.000000000000000e-01	-3.916394e-15	-4.049516e-01
