time	V(n001)	V(n003)
0.000000000000000e+00	0.000000e+00	0.000000e+00
3.871560121620805e-08	1.702801e-05	-1.680751e-12
7.743120243241610e-08	3.405602e-05	2.962814e-13
1.161468036486241e-07	5.108403e-05	5.931096e-12
1.548624048648322e-07	6.811204e-05	1.522369e-11
1.935780060810402e-07	8.514005e-05	2.817407e-11
2.322936072972483e-07	1.021681e-04	4.478224e-11
2.710092085134563e-07	1.191961e-04	6.504818e-11
3.622077703077286e-07	1.593073e-04	1.538659e-10
4.712350248214863e-07	2.072600e-04	3.384311e-10
6.268292647119921e-07	2.756939e-04	7.931825e-10
8.209424154973005e-07	3.610693e-04	1.777164e-09
1.088466578185150e-06	4.787326e-04	4.121179e-09
1.431369783969194e-06	6.295493e-04	9.324679e-09
1.896521195475501e-06	8.341335e-04	2.152239e-08
2.503528169201767e-06	1.101109e-03	4.905013e-08
3.322555511449048e-06	1.461336e-03	1.131798e-07
4.407115224560296e-06	1.938349e-03	2.597829e-07
5.875417092705507e-06	2.584141e-03	6.018862e-07
7.852535211162214e-06	3.453718e-03	1.395203e-06
1.056598523524356e-05	4.647146e-03	3.267002e-06
1.431475127845499e-05	6.295915e-03	7.707068e-06
1.962048611786360e-05	8.629434e-03	1.848344e-05
2.731065985878999e-05	1.201157e-02	4.528351e-05
3.895818397893165e-05	1.713387e-02	1.152831e-04
5.774706589401702e-05	2.539575e-02	3.051616e-04
8.480147022355336e-05	3.728899e-02	7.600295e-04
1.304128591110841e-04	5.732713e-02	2.049972e-03
2.166741168486010e-04	9.515408e-02	6.244446e-03
3.891966323236347e-04	1.703429e-01	2.038076e-02
6.812110746516086e-04	2.951498e-01	5.770887e-02
1.085765681264448e-03	4.595999e-01	1.308555e-01
1.640997535271846e-03	6.606981e-01	2.570052e-01
2.341288172483682e-03	8.571715e-01	4.334560e-01
2.776151281431966e-03	9.394477e-01	5.435355e-01
3.047869411848171e-03	9.736040e-01	6.084173e-01
3.272703825620208e-03	9.913813e-01	6.575394e-01
3.499507238203086e-03	9.994997e-01	7.019596e-01
3.758974922994990e-03	9.965999e-01	7.454489e-01
4.090965898846967e-03	9.740062e-01	7.871208e-01
4.628853189514850e-03	8.937858e-01	8.177767e-01
5.483844592211261e-03	6.666251e-01	7.860281e-01
6.362750842211261e-03	3.364162e-01	6.567293e-01
7.241657092211261e-03	-4.344081e-02	4.360609e-01
8.120563342211262e-03	-4.168868e-01	1.537492e-01
8.999469592211262e-03	-7.288089e-01	-1.514869e-01
9.727220552336189e-03	-9.072347e-01	-3.972549e-01
1.004940310050227e-02	-9.575460e-01	-4.967037e-01
1.028804601717396e-02	-9.824789e-01	-5.625883e-01
1.053440227037528e-02	-9.968719e-01	-6.228376e-01
1.086159421073451e-02	-9.979019e-01	-6.914371e-01
1.116837184247826e-02	-9.801227e-01	-7.411857e-01
1.166607536259195e-02	-9.136512e-01	-7.861981e-01
1.246107399739852e-02	-7.191086e-01	-7.822247e-01
1.333998024739852e-02	-4.040642e-01	-6.783602e-01
1.421888649739852e-02	-2.938817e-02	-4.776014e-01
1.509779274739852e-02	3.496250e-01	-2.065687e-01
1.597669899739852e-02	6.770406e-01	9.483029e-02
1.685560524739852e-02	9.045389e-01	3.925142e-01
1.718169370688306e-02	9.561959e-01	4.938188e-01
1.742298375033783e-02	9.818238e-01	5.606689e-01
1.766769096397687e-02	9.965305e-01	6.207144e-01
1.800087511450462e-02	9.980025e-01	6.908318e-01
1.830541032997227e-02	9.806272e-01	7.405019e-01
1.879952962783769e-02	9.153245e-01	7.858036e-01
1.958912545863461e-02	7.236184e-01	7.831894e-01
2.046803170863461e-02	4.100122e-01	6.809759e-01
2.134693795863461e-02	3.589656e-02	4.816793e-01
2.222584420863461e-02	-3.435167e-01	2.115156e-01
2.310475045863461e-02	-6.722339e-01	-8.973950e-02
2.398365670863460e-02	-9.017431e-01	-3.878635e-01
2.431375613989718e-02	-9.547954e-01	-4.907067e-01
2.455775623575241e-02	-9.811427e-01	-5.585707e-01
2.480078962073064e-02	-9.961641e-01	-6.187176e-01
2.510303629319932e-02	-9.989733e-01	-6.835842e-01
2.538203946286110e-02	-9.859162e-01	-7.313474e-01
2.583523968515616e-02	-9.332796e-01	-7.795242e-01
2.656259767205755e-02	-7.729832e-01	-7.914347e-01
2.744150392205754e-02	-4.767615e-01	-7.085736e-01
2.832041017205754e-02	-1.101795e-01	-5.266976e-01
2.919931642205754e-02	2.726627e-01	-2.673422e-01
3.007822267205754e-02	6.152654e-01	3.132557e-02
3.095712892205754e-02	8.670676e-01	3.332412e-01
3.136361198031002e-02	9.418408e-01	4.632960e-01
3.163121350404060e-02	9.747868e-01	5.403425e-01
3.185895187400578e-02	9.922141e-01	5.994358e-01
3.207424180944082e-02	9.995447e-01	6.491850e-01
3.233163326543090e-02	9.965551e-01	7.000676e-01
3.266439428469322e-02	9.738066e-01	7.500644e-01
3.320350530881627e-02	8.931491e-01	7.906943e-01
3.406030635410352e-02	6.649733e-01	7.693863e-01
3.493921260410351e-02	3.343307e-01	6.465343e-01
3.581811885410351e-02	-4.565233e-02	4.293899e-01
3.669702510410351e-02	-4.188980e-01	1.490873e-01
3.757593135410351e-02	-7.303229e-01	-1.548917e-01
3.830072994624492e-02	-9.076192e-01	-3.989209e-01
3.862235210129452e-02	-9.577386e-01	-4.979447e-01
3.886061457508794e-02	-9.825722e-01	-5.635740e-01
3.910720896382538e-02	-9.969196e-01	-6.237514e-01
3.943353769252023e-02	-9.978872e-01	-6.920206e-01
3.974063817080972e-02	-9.800495e-01	-7.416943e-01
4.023885758686100e-02	-9.134091e-01	-7.865597e-01
4.103463320204316e-02	-7.184571e-01	-7.822728e-01
4.191353945204316e-02	-4.032068e-01	-6.780899e-01
4.279244570204316e-02	-2.845146e-02	-4.770744e-01
4.367135195204316e-02	3.505028e-01	-2.058908e-01
4.455025820204316e-02	6.777300e-01	9.554284e-02
4.542916445204315e-02	9.049381e-01	3.931716e-01
4.575467697002590e-02	9.563959e-01	4.942577e-01
4.599557718406259e-02	9.819209e-01	5.609635e-01
4.624052637285181e-02	9.965818e-01	6.210373e-01
4.657282962551357e-02	9.979879e-01	6.909291e-01
4.687769463605466e-02	9.805534e-01	7.406096e-01
4.737234117176341e-02	9.150794e-01	7.858676e-01
4.816273226479396e-02	7.229568e-01	7.830527e-01
4.904163851479396e-02	4.091382e-01	6.805947e-01
4.992054476479396e-02	3.493913e-02	4.810816e-01
5.079945101479396e-02	-3.444163e-01	2.107889e-01
5.167835726479396e-02	-6.729428e-01	-9.048838e-02
5.255726351479396e-02	-9.021568e-01	-3.885485e-01
5.288677187903953e-02	-9.550026e-01	-4.911648e-01
5.313037314208725e-02	-9.812436e-01	-5.588794e-01
5.337365194168945e-02	-9.962190e-01	-6.190452e-01
5.367623495773013e-02	-9.989377e-01	-6.839126e-01
5.395634914811707e-02	-9.857035e-01	-7.317592e-01
5.441133394000184e-02	-9.325407e-01	-7.798370e-01
5.514142678691020e-02	-7.709141e-01	-7.911641e-01
5.602033303691020e-02	-4.738978e-01	-7.074480e-01
5.689923928691020e-02	-1.069438e-01	-5.247895e-01
5.777814553691020e-02	2.757928e-01	-2.649316e-01
5.865705178691020e-02	6.178281e-01	3.388387e-02
5.953595803691020e-02	8.686846e-01	3.356806e-01
5.993783246154936e-02	9.422527e-01	4.641402e-01
6.020471859443419e-02	9.749902e-01	5.408933e-01
6.043296246540181e-02	9.923549e-01	6.000555e-01
6.064824966161521e-02	9.995782e-01	6.497516e-01
6.090402121825481e-02	9.965200e-01	7.002503e-01
6.123738294751462e-02	9.736504e-01	7.502476e-01
6.177744845379733e-02	8.926511e-01	7.907649e-01
6.263566023956203e-02	6.636829e-01	7.690349e-01
6.351456648956204e-02	3.327031e-01	6.457558e-01
6.439347273956204e-02	-4.737690e-02	4.282498e-01
6.527237898956205e-02	-4.204650e-01	1.477531e-01
6.615128523956205e-02	-7.315012e-01	-1.562568e-01
6.687377958457784e-02	-9.079183e-01	-3.994437e-01
6.719496537140354e-02	-9.578883e-01	-4.982912e-01
6.743293148793224e-02	-9.826448e-01	-5.638093e-01
6.767971157673702e-02	-9.969565e-01	-6.240065e-01
6.800536753155693e-02	-9.978757e-01	-6.921030e-01
6.831271959958524e-02	-9.799924e-01	-7.417825e-01
6.881134102254981e-02	-9.132201e-01	-7.866116e-01
6.960772197419240e-02	-7.179490e-01	-7.821675e-01
7.048662822419241e-02	-4.025385e-01	-6.777976e-01
7.136553447419242e-02	-2.772155e-02	-4.766173e-01
7.224444072419242e-02	3.511865e-01	-2.053365e-01
7.312334697419243e-02	6.782667e-01	9.611280e-02
7.400225322419243e-02	9.052486e-01	3.936915e-01
7.432731718473060e-02	9.565514e-01	4.946059e-01
7.456791367025820e-02	9.819964e-01	5.611984e-01
7.481305159845714e-02	9.966215e-01	6.212935e-01
7.514466814460571e-02	9.979764e-01	6.910087e-01
7.544979021310079e-02	9.804958e-01	7.406967e-01
7.594484767880537e-02	9.148881e-01	7.859197e-01
7.673585847836173e-02	7.224408e-01	7.829471e-01
7.761476472836173e-02	4.084568e-01	6.802980e-01
7.849367097836174e-02	3.419291e-02	4.806160e-01
7.937257722836175e-02	-3.451171e-01	2.102227e-01
8.025148347836175e-02	-6.734949e-01	-9.107183e-02
8.113038972836176e-02	-9.024787e-01	-3.890821e-01
8.145943766696519e-02	-9.551638e-01	-4.915217e-01
8.170272812338757e-02	-9.813221e-01	-5.591199e-01
8.194619839264901e-02	-9.962617e-01	-6.193004e-01
8.224904362736707e-02	-9.989096e-01	-6.841683e-01
8.253002402573630e-02	-9.855365e-01	-7.320794e-01
8.298639991766929e-02	-9.319618e-01	-7.800783e-01
8.371862337838645e-02	-7.692958e-01	-7.909475e-01
8.459752962838646e-02	-4.716623e-01	-7.065656e-01
8.547643587838646e-02	-1.044211e-01	-5.232984e-01
8.635534212838647e-02	2.782305e-01	-2.630508e-01
8.723424837838648e-02	6.198210e-01	3.587757e-02
8.811315462838648e-02	8.699386e-01	3.375799e-01
8.851143568061250e-02	9.425726e-01	4.647971e-01
8.877776489285610e-02	9.751481e-01	5.413219e-01
8.900640246145666e-02	9.924637e-01	6.005266e-01
8.922325205570647e-02	9.996226e-01	6.505276e-01
8.947677901006060e-02	9.964712e-01	7.005072e-01
8.981097298636884e-02	9.734331e-01	7.505038e-01
9.035236065013767e-02	8.919594e-01	7.908633e-01
9.121252553735597e-02	6.618924e-01	7.685459e-01
9.209143178735597e-02	3.304472e-01	6.446751e-01
9.297033803735598e-02	-4.976528e-02	4.266691e-01
9.384924428735598e-02	-4.226334e-01	1.459047e-01
9.472815053735599e-02	-7.331294e-01	-1.581469e-01
9.544745090192583e-02	-9.083313e-01	-4.001665e-01
9.576803327121983e-02	-9.580951e-01	-4.987702e-01
9.600558941667506e-02	-9.827449e-01	-5.641348e-01
9.625262668153274e-02	-9.970073e-01	-6.243593e-01
9.657735143878403e-02	-9.978598e-01	-6.922168e-01
9.688505169058335e-02	-9.799132e-01	-7.419044e-01
9.738422943088483e-02	-9.129583e-01	-7.866831e-01
9.818144790682759e-02	-7.172453e-01	-7.820210e-01
9.906035415682760e-02	-4.016134e-01	-6.773922e-01
9.993926040682760e-02	-2.671149e-02	-4.759843e-01
1.008181666568276e-01	3.521324e-01	-2.045691e-01
1.016970729068276e-01	6.790088e-01	9.690143e-02
1.025759791568276e-01	9.056774e-01	3.944108e-01
1.029004227264058e-01	9.567661e-01	4.950876e-01
1.031405989582619e-01	9.821007e-01	5.615233e-01
1.033859983369226e-01	9.966761e-01	6.216480e-01
1.037166641872345e-01	9.979605e-01	6.911190e-01
1.040221420840467e-01	9.804159e-01	7.408170e-01
1.045177683378617e-01	9.146230e-01	7.859914e-01
1.053096367265155e-01	7.217259e-01	7.828002e-01
1.061885429765155e-01	4.075133e-01	6.798866e-01
1.070674492265155e-01	3.316005e-02	4.799711e-01
1.079463554765155e-01	-3.460869e-01	2.094388e-01
1.088252617265155e-01	-6.742585e-01	-9.187928e-02
1.097041679765155e-01	-9.029234e-01	-3.898203e-01
1.100325789826903e-01	-9.553866e-01	-4.920156e-01
1.102754393006019e-01	-9.814304e-01	-5.594528e-01
1.105191748709675e-01	-9.963202e-01	-6.193877e-01
1.108559019364139e-01	-9.980608e-01	-6.904194e-01
1.111591102246207e-01	-9.809227e-01	-7.400501e-01
1.116511078341149e-01	-9.163074e-01	-7.855299e-01
1.124375016289098e-01	-7.262743e-01	-7.837247e-01
1.133164078789098e-01	-4.135259e-01	-6.824993e-01
1.141953141289098e-01	-3.974959e-02	-4.840776e-01
1.150742203789098e-01	3.398930e-01	-2.144367e-01
1.159531266289098e-01	6.693743e-01	8.672548e-02
1.168320328789098e-01	9.000697e-01	3.851037e-01
1.171645145557962e-01	9.539568e-01	4.888616e-01
1.174101202638682e-01	9.807343e-01	5.573279e-01
1.176521688865255e-01	9.959390e-01	6.173986e-01
1.179530631109847e-01	9.991102e-01	6.822591e-01
1.182275994219671e-01	9.867554e-01	7.296780e-01
1.186736213239893e-01	9.362114e-01	7.782295e-01
1.193899604486108e-01	7.812263e-01	7.924396e-01
1.202688666986108e-01	4.882338e-01	7.130274e-01
1.211477729486108e-01	1.231879e-01	5.343195e-01
1.220266791986108e-01	-2.600380e-01	2.770139e-01
1.229055854486108e-01	-6.048876e-01	-2.102772e-02
1.237844916986108e-01	-8.604682e-01	-3.233965e-01
1.242094990010189e-01	-9.401655e-01	-4.598843e-01
1.244799891756018e-01	-9.739591e-01	-5.381166e-01
1.247056889491813e-01	-9.916337e-01	-5.968730e-01
1.249290629991167e-01	-9.995133e-01	-6.486323e-01
1.251879125148472e-01	-9.965866e-01	-6.999223e-01
1.255201327740858e-01	-9.739469e-01	-7.499149e-01
1.260583844587838e-01	-8.935964e-01	-7.906412e-01
1.269139148338343e-01	-6.661335e-01	-7.697076e-01
1.277928210838343e-01	-3.357953e-01	-6.472375e-01
1.286717273338343e-01	4.409939e-02	-4.304175e-01
1.295506335838343e-01	4.174860e-01	-1.502895e-01
1.304295398338343e-01	7.292601e-01	1.536616e-01
1.311564118828925e-01	9.073493e-01	3.984492e-01
1.314784274520183e-01	9.576034e-01	4.976321e-01
1.317169570260920e-01	9.825068e-01	5.633615e-01
1.319633841954923e-01	9.968861e-01	6.235211e-01
1.322903190182359e-01	9.978975e-01	6.919461e-01
1.325971928183959e-01	9.801009e-01	7.416146e-01
1.330950500153523e-01	9.135791e-01	7.865126e-01
1.338902801175095e-01	7.189146e-01	7.823672e-01
1.347691863675095e-01	4.038088e-01	6.783531e-01
1.356480926175095e-01	2.910913e-02	4.774860e-01
1.365269988675095e-01	-3.498865e-01	2.063903e-01
1.374059051175096e-01	-6.772460e-01	-9.502923e-02
1.382848113675096e-01	-9.046579e-01	-3.927029e-01
1.386107282274320e-01	-9.562555e-01	-4.939439e-01
1.388519021407886e-01	-9.818527e-01	-5.607519e-01
1.390966814072390e-01	-9.965458e-01	-6.208064e-01
1.394296031944975e-01	-9.979981e-01	-6.908574e-01
1.397342366401326e-01	-9.806052e-01	-7.405312e-01
1.402285129805680e-01	-9.152516e-01	-7.858206e-01
1.410183457058281e-01	-7.234215e-01	-7.831475e-01
1.418972519558281e-01	-4.097519e-01	-6.808617e-01
1.427761582058281e-01	-3.561138e-02	-4.815009e-01
1.436550644558281e-01	3.437847e-01	-2.112989e-01
1.445339707058281e-01	6.724451e-01	8.996271e-02
1.454128769558281e-01	9.018664e-01	3.880677e-01
1.457428002942533e-01	9.548571e-01	4.908432e-01
1.459866815874629e-01	9.811728e-01	5.586627e-01
1.462297880422635e-01	9.961805e-01	6.188152e-01
1.465321348868533e-01	9.989628e-01	6.836820e-01
1.468114689423005e-01	9.858530e-01	7.314702e-01
1.472652006838350e-01	9.330599e-01	7.796178e-01
1.479933734144405e-01	7.723678e-01	7.913550e-01
1.488722796644405e-01	4.759090e-01	7.082391e-01
1.497511859144405e-01	1.092159e-01	5.261298e-01
1.506300921644405e-01	-2.735953e-01	2.666245e-01
1.515089984144405e-01	-6.160294e-01	-3.208761e-02
1.523879046644405e-01	-8.675503e-01	-3.339681e-01
1.527930152133112e-01	-9.419637e-01	-4.635476e-01
1.530604035518218e-01	-9.748475e-01	-5.405066e-01
1.532882925340490e-01	-9.922562e-01	-5.996247e-01
1.535029849232480e-01	-9.995469e-01	-6.492258e-01
1.537602685552190e-01	-9.965528e-01	-7.000782e-01
1.540930695613952e-01	-9.737962e-01	-7.500754e-01
1.546322441257752e-01	-8.931160e-01	-7.906981e-01
1.554891391046912e-01	-6.648875e-01	-7.693624e-01
1.563680453546912e-01	-3.342223e-01	-6.464822e-01
1.572469516046912e-01	4.576714e-02	-4.293138e-01
1.581258578546912e-01	4.190024e-01	-1.489984e-01
1.590047641046912e-01	7.304014e-01	1.549826e-01
1.597294093421672e-01	9.076392e-01	3.989558e-01
1.600510024283156e-01	9.577485e-01	4.979679e-01
1.602892451631911e-01	9.825771e-01	5.635897e-01
1.605358519151385e-01	9.969221e-01	6.237684e-01
1.608621358431436e-01	9.978864e-01	6.920261e-01
1.611692530759131e-01	9.800457e-01	7.417002e-01
1.616674992640330e-01	9.133965e-01	7.865632e-01
1.624633151954398e-01	7.184233e-01	7.822658e-01
1.633422214454398e-01	4.031623e-01	6.780705e-01
1.642211276954398e-01	2.840285e-02	4.770439e-01
1.651000339454398e-01	-3.505483e-01	2.058539e-01
1.659789401954398e-01	-6.777657e-01	-9.558080e-02
1.668578464454398e-01	-9.049588e-01	-3.932062e-01
1.671833290847593e-01	-9.564062e-01	-4.942809e-01
1.674242090705288e-01	-9.819259e-01	-5.609791e-01
1.676691708236469e-01	-9.965844e-01	-6.210544e-01
1.680014283518644e-01	-9.979871e-01	-6.909344e-01
1.683063104795877e-01	-9.805495e-01	-7.406155e-01
1.688009843792944e-01	-9.150667e-01	-7.858711e-01
1.695914167421640e-01	-7.229225e-01	-7.830456e-01
1.704703229921641e-01	-4.090928e-01	-6.805749e-01
1.713492292421641e-01	-3.488943e-02	-4.810506e-01
1.722281354921641e-01	3.444629e-01	-2.107512e-01
1.731070417421641e-01	6.729796e-01	9.052724e-02
1.739859479921641e-01	9.021783e-01	3.885841e-01
1.743154256895945e-01	9.550133e-01	4.911886e-01
1.745590062546952e-01	9.812488e-01	5.588955e-01
1.748022977990866e-01	9.962219e-01	6.190622e-01
1.751048982744186e-01	9.989359e-01	6.839297e-01
1.753850701384297e-01	9.856924e-01	7.317806e-01
1.758401475587280e-01	9.325022e-01	7.798532e-01
1.765703823098103e-01	7.708065e-01	7.911499e-01
1.774492885598103e-01	4.737490e-01	7.073894e-01
1.783281948098103e-01	1.067759e-01	5.246903e-01
1.792071010598103e-01	-2.759552e-01	2.648064e-01
1.800860073098103e-01	-6.179609e-01	-3.401664e-02
1.809649135598103e-01	-8.687683e-01	-3.358071e-01
1.813665487378783e-01	-9.422740e-01	-4.641839e-01
1.816333977674066e-01	-9.750007e-01	-5.409218e-01
1.818616678627260e-01	-9.923622e-01	-6.000869e-01
1.820770591226577e-01	-9.995813e-01	-6.498033e-01
1.823326811819351e-01	-9.965168e-01	-7.002674e-01
1.826660983457715e-01	-9.736360e-01	-7.502646e-01
1.832062519266680e-01	-8.926051e-01	-7.907715e-01
1.840645938555881e-01	-6.635637e-01	-7.690024e-01
1.849435001055881e-01	-3.325529e-01	-6.456839e-01
1.858224063555881e-01	4.753602e-02	-4.281445e-01
1.867013126055881e-01	4.206096e-01	-1.476300e-01
1.875802188555881e-01	7.316098e-01	1.563827e-01
1.883025005120312e-01	9.079459e-01	3.994919e-01
1.886236460649816e-01	9.579021e-01	4.983231e-01
1.888615848518923e-01	9.826515e-01	5.638311e-01
1.891083820743729e-01	9.969599e-01	6.240301e-01
1.894339759716034e-01	9.978747e-01	6.921105e-01
1.897413512452147e-01	9.799871e-01	7.417907e-01
1.902400097465748e-01	9.132026e-01	7.866164e-01
1.910364465251443e-01	7.179021e-01	7.821577e-01
1.919153527751443e-01	4.024768e-01	6.777705e-01
1.927942590251444e-01	2.765423e-02	4.765751e-01
1.936731652751444e-01	-3.512496e-01	2.052853e-01
1.945520715251444e-01	-6.783162e-01	-9.616537e-02
1.954309777751444e-01	-9.052772e-01	-3.937395e-01
1.957560003743327e-01	-9.565657e-01	-4.946380e-01
1.959965688478646e-01	-9.820033e-01	-5.612200e-01
1.962417241921571e-01	-9.966251e-01	-6.213171e-01
1.965732773890157e-01	-9.979753e-01	-6.910161e-01
1.968784231698087e-01	-9.804904e-01	-7.407047e-01
1.973735185406593e-01	-9.148704e-01	-7.859245e-01
1.981645864980053e-01	-7.223932e-01	-7.829373e-01
1.990434927480053e-01	-4.083939e-01	-6.802706e-01
1.999223989980053e-01	-3.412408e-02	-4.805730e-01
2.008013052480053e-01	3.451818e-01	-2.101705e-01
2.016802114980053e-01	6.735458e-01	9.112564e-02
2.025591177480053e-01	9.025084e-01	3.891313e-01
2.028881232270182e-01	9.551787e-01	4.915546e-01
2.031313850158629e-01	9.813293e-01	5.591421e-01
2.033748729552475e-01	9.962655e-01	6.193239e-01
2.036777423808049e-01	9.989070e-01	6.841919e-01
2.039588026924099e-01	9.855211e-01	7.321088e-01
2.044153069115661e-01	9.319083e-01	7.801004e-01
2.051477268632546e-01	7.691462e-01	7.909272e-01
2.060266331132546e-01	4.714559e-01	7.064840e-01
2.069055393632546e-01	1.041884e-01	5.231608e-01
2.077844456132546e-01	-2.784552e-01	2.628772e-01
2.086633518632546e-01	-6.200045e-01	-3.606146e-02
2.095422581132546e-01	-8.700539e-01	-3.377550e-01
2.099402076440020e-01	-9.426020e-01	-4.648576e-01
2.102064855133025e-01	-9.751626e-01	-5.413614e-01
2.104351593848084e-01	-9.924737e-01	-6.005700e-01
2.106521530612435e-01	-9.996266e-01	-6.505991e-01
2.109054730140107e-01	-9.964666e-01	-7.005309e-01
2.112397437347485e-01	-9.734131e-01	-7.505274e-01
2.117812533064556e-01	-8.918955e-01	-7.908723e-01
2.126415982143854e-01	-6.617271e-01	-7.685005e-01
2.135205044643854e-01	-3.302391e-01	-6.445752e-01
2.143994107143855e-01	4.998546e-02	-4.265232e-01
2.152783169643855e-01	4.228332e-01	-1.457343e-01
2.161572232143855e-01	7.332794e-01	1.583211e-01
2.168762289587003e-01	9.083694e-01	4.002331e-01
2.171967557514326e-01	9.581141e-01	4.988143e-01
2.174342741278045e-01	9.827542e-01	5.641648e-01
2.176813351019248e-01	9.970120e-01	6.243918e-01
2.180059740420705e-01	9.978583e-01	6.922273e-01
2.183137063790510e-01	9.799059e-01	7.419156e-01
2.188129353820822e-01	9.129341e-01	7.866898e-01
2.196102310230300e-01	7.171804e-01	7.820075e-01
2.204891372730300e-01	4.015281e-01	6.773549e-01
2.213680435230300e-01	2.661842e-02	4.759260e-01
2.222469497730300e-01	-3.522196e-01	2.044984e-01
2.231258560230300e-01	-6.790771e-01	-9.697410e-02
2.240047622730300e-01	-9.057169e-01	-3.944770e-01
2.243291486958681e-01	-9.567859e-01	-4.951320e-01
2.245692862063609e-01	-9.821103e-01	-5.615532e-01
2.248147096921527e-01	-9.966812e-01	-6.216807e-01
2.251452879159629e-01	-9.979590e-01	-6.911291e-01
2.254507986068882e-01	-9.804085e-01	-7.408282e-01
2.259464772797217e-01	-9.145985e-01	-7.859980e-01
2.267384246927062e-01	-7.216599e-01	-7.827866e-01
2.276173309427062e-01	-4.074263e-01	-6.798487e-01
2.284962371927062e-01	-3.306487e-02	-4.799116e-01
2.293751434427062e-01	3.461762e-01	-2.093666e-01
2.302540496927062e-01	6.743289e-01	9.195369e-02
2.311329559427062e-01	9.029643e-01	3.898883e-01
2.314613082710476e-01	9.554071e-01	4.920611e-01
2.317041289515060e-01	9.814404e-01	5.594835e-01
2.319478889880566e-01	9.963256e-01	6.194212e-01
2.322845267293288e-01	9.980594e-01	6.904298e-01
2.325877684822976e-01	9.809152e-01	7.400615e-01
2.330798196071364e-01	9.162827e-01	7.855368e-01
2.338662942017610e-01	7.262074e-01	7.837113e-01
2.347452004517610e-01	4.134374e-01	6.824610e-01
2.356241067017610e-01	3.965240e-02	4.840172e-01
2.365030129517610e-01	-3.399844e-01	2.143631e-01
2.373819192017610e-01	-6.694465e-01	-8.680154e-02
2.382608254517610e-01	-9.001121e-01	-3.851734e-01
2.385932469682379e-01	-9.539781e-01	-4.889082e-01
2.388388121652260e-01	-9.807446e-01	-5.573593e-01
2.390808855707526e-01	-9.959448e-01	-6.174318e-01
2.393818138872565e-01	-9.991069e-01	-6.822926e-01
2.396564627852679e-01	-9.867346e-01	-7.297204e-01
2.401026656839460e-01	-9.361383e-01	-7.782629e-01
2.408192829943724e-01	-7.810201e-01	-7.924160e-01
2.416981892443724e-01	-4.879454e-01	-7.129165e-01
2.425770954943724e-01	-1.228601e-01	-5.341284e-01
2.434560017443724e-01	2.603570e-01	-2.767706e-01
2.443349079943724e-01	6.051506e-01	2.128750e-02
2.452138142443724e-01	8.606365e-01	3.236454e-01
2.456383547568635e-01	9.402081e-01	4.599707e-01
2.459087718738921e-01	9.739801e-01	5.381730e-01
2.461345231556481e-01	9.916486e-01	5.969380e-01
2.463576930393532e-01	9.995141e-01	6.486463e-01
2.466165057461962e-01	9.965858e-01	6.999260e-01
2.469487396577578e-01	9.739434e-01	7.499188e-01
2.474870130391257e-01	8.935851e-01	7.906426e-01
2.483425755025893e-01	6.661043e-01	7.696995e-01
2.492214817525893e-01	3.357584e-01	6.472198e-01
2.501003880025893e-01	-4.413861e-02	4.303916e-01
2.509792942525893e-01	-4.175216e-01	1.502591e-01
2.518582005025893e-01	-7.292870e-01	-1.536927e-01
2.525850202137516e-01	-9.073561e-01	-3.984611e-01
2.529070258435792e-01	-9.576068e-01	-4.976400e-01
2.531455486705652e-01	-9.825084e-01	-5.633669e-01
2.533919800622813e-01	-9.968870e-01	-6.235270e-01
2.537188995778466e-01	-9.978973e-01	-6.919480e-01
2.540257791031446e-01	-9.800996e-01	-7.416165e-01
2.545236454487598e-01	-9.135748e-01	-7.865138e-01
2.553188893301089e-01	-7.189031e-01	-7.823648e-01
2.561977955801089e-01	-4.037936e-01	-6.783465e-01
2.570767018301089e-01	-2.909252e-02	-4.774756e-01
2.579556080801089e-01	3.499020e-01	-2.063777e-01
2.588345143301088e-01	6.772583e-01	9.504221e-02
2.597134205801088e-01	9.046650e-01	3.927147e-01
2.600393272253683e-01	9.562591e-01	4.939518e-01
2.602804942254621e-01	9.818544e-01	5.607572e-01
2.605252777820842e-01	9.965467e-01	6.208122e-01
2.608581839492717e-01	9.979979e-01	6.908592e-01
2.611628232430014e-01	9.806039e-01	7.405332e-01
2.616571089328072e-01	9.152472e-01	7.858218e-01
2.624469557608470e-01	7.234097e-01	7.831451e-01
2.633258620108470e-01	4.097364e-01	6.808549e-01
2.642047682608470e-01	3.559440e-02	4.814903e-01
2.650836745108470e-01	-3.438006e-01	2.112860e-01
2.659625807608469e-01	-6.724577e-01	-8.997600e-02
2.668414870108469e-01	-9.018738e-01	-3.880799e-01
2.671713998667852e-01	-9.548608e-01	-4.908513e-01
2.674152740873784e-01	-9.811746e-01	-5.586682e-01
2.676583848930970e-01	-9.961814e-01	-6.188211e-01
2.679607377016233e-01	-9.989622e-01	-6.836879e-01
2.682400914571402e-01	-9.858493e-01	-7.314775e-01
2.686938548429667e-01	-9.330469e-01	-7.796233e-01
2.694220760747554e-01	-7.723311e-01	-7.913502e-01
2.703009823247554e-01	-4.758582e-01	-7.082192e-01
2.711798885747554e-01	-1.091585e-01	-5.260960e-01
2.720587948247554e-01	2.736509e-01	-2.665817e-01
2.729377010747553e-01	6.160749e-01	3.213298e-02
2.738166073247553e-01	8.675789e-01	3.340113e-01
2.742216361569049e-01	9.419709e-01	4.635626e-01
2.744890118063218e-01	9.748511e-01	5.405164e-01
2.747169097539098e-01	9.922587e-01	5.996360e-01
2.749315665722763e-01	9.995471e-01	6.492282e-01
2.751888437854539e-01	9.965527e-01	7.000789e-01
2.755216471720514e-01	9.737957e-01	7.500761e-01
2.760608255189650e-01	8.931140e-01	7.906983e-01
2.769177260896331e-01	6.648824e-01	7.693610e-01
2.777966323396331e-01	3.342159e-01	6.464791e-01
2.786755385896331e-01	-4.577398e-02	4.293093e-01
2.795544448396330e-01	-4.190086e-01	1.489931e-01
2.804333510896330e-01	-7.304060e-01	-1.549880e-01
2.811579871977690e-01	-9.076403e-01	-3.989579e-01
2.814795785535427e-01	-9.577491e-01	-4.979692e-01
2.817178201134123e-01	-9.825773e-01	-5.635906e-01
2.819644276013332e-01	-9.969223e-01	-6.237695e-01
2.822907088624284e-01	-9.978864e-01	-6.920264e-01
2.825978270925601e-01	-9.800454e-01	-7.417005e-01
2.830960748743673e-01	-9.133957e-01	-7.865634e-01
2.838918932057031e-01	-7.184213e-01	-7.822654e-01
2.847707994557030e-01	-4.031597e-01	-6.780694e-01
2.856497057057030e-01	-2.839995e-02	-4.770421e-01
2.865286119557030e-01	3.505510e-01	-2.058517e-01
2.874075182057030e-01	6.777678e-01	9.558306e-02
2.882864244557030e-01	9.049600e-01	3.932083e-01
2.886119053164353e-01	9.564068e-01	4.942823e-01
2.888527840980620e-01	9.819262e-01	5.609801e-01
2.890977465991316e-01	9.965846e-01	6.210554e-01
2.894300014054315e-01	9.979870e-01	6.909347e-01
2.897348845521145e-01	9.805493e-01	7.406158e-01
2.902295600807552e-01	9.150659e-01	7.858713e-01
2.910199949003358e-01	7.229205e-01	7.830452e-01
2.918989011503358e-01	4.090901e-01	6.805738e-01
2.927778074003358e-01	3.488648e-02	4.810488e-01
2.936567136503357e-01	-3.444657e-01	2.107490e-01
2.945356199003357e-01	-6.729818e-01	-9.052955e-02
2.954145261503357e-01	-9.021796e-01	-3.885862e-01
2.957440020222519e-01	-9.550140e-01	-4.911900e-01
2.959875813552432e-01	-9.812492e-01	-5.588964e-01
2.962308736583346e-01	-9.962221e-01	-6.190632e-01
2.965334751729983e-01	-9.989358e-01	-6.839307e-01
2.968136504702596e-01	-9.856917e-01	-7.317818e-01
2.972687334046004e-01	-9.324999e-01	-7.798541e-01
2.979989766028902e-01	-7.708001e-01	-7.911490e-01
2.988778828528902e-01	-4.737401e-01	-7.073859e-01
2.997567891028902e-01	-1.067659e-01	-5.246844e-01
3.006356953528901e-01	2.759649e-01	-2.647989e-01
3.015146016028901e-01	6.179689e-01	3.402454e-02
3.023935078528901e-01	8.687733e-01	3.358147e-01
3.027951287888315e-01	9.422753e-01	4.641865e-01
3.030619756097381e-01	9.750014e-01	5.409235e-01
3.032902472661146e-01	9.923626e-01	6.000887e-01
3.035056447206849e-01	9.995815e-01	6.498064e-01
3.037612578807577e-01	9.965166e-01	7.002684e-01
3.040946783444560e-01	9.736351e-01	7.502657e-01
3.046348371681469e-01	8.926024e-01	7.907719e-01
3.054931868438908e-01	6.635566e-01	7.690005e-01
3.063720930938908e-01	3.325439e-01	6.456796e-01
3.072509993438908e-01	-4.754549e-02	4.281383e-01
3.081299055938908e-01	-4.206182e-01	1.476227e-01
3.090088118438907e-01	-7.316162e-01	-1.563902e-01
3.097310808393328e-01	-9.079475e-01	-3.994948e-01
3.100522239974616e-01	-9.579029e-01	-4.983250e-01
3.102901611576180e-01	-9.826518e-01	-5.638323e-01
3.105369594000011e-01	-9.969602e-01	-6.240315e-01
3.108625496032652e-01	-9.978746e-01	-6.921110e-01
3.111699262581770e-01	-9.799868e-01	-7.417912e-01
3.116685869666043e-01	-9.132016e-01	-7.866167e-01
3.124650270682071e-01	-7.178993e-01	-7.821572e-01
3.133439333182070e-01	-4.024732e-01	-6.777689e-01
3.142228395682070e-01	-2.765022e-02	-4.765726e-01
3.151017458182070e-01	3.512534e-01	-2.052823e-01
3.159806520682070e-01	6.783191e-01	9.616850e-02
3.168595583182069e-01	9.052789e-01	3.937424e-01
3.171845784554443e-01	9.565665e-01	4.946399e-01
3.174251452615907e-01	9.820037e-01	5.612213e-01
3.176703016426075e-01	9.966254e-01	6.213186e-01
3.180018510685768e-01	9.979753e-01	6.910166e-01
3.183069982608448e-01	9.804901e-01	7.407052e-01
3.188020958879941e-01	9.148694e-01	7.859248e-01
3.195931672476211e-01	7.223904e-01	7.829368e-01
3.204720734976211e-01	4.083902e-01	6.802689e-01
3.213509797476211e-01	3.411998e-02	4.805705e-01
3.222298859976210e-01	-3.451856e-01	2.101673e-01
3.231087922476210e-01	-6.735489e-01	-9.112885e-02
3.239876984976210e-01	-9.025102e-01	-3.891342e-01
3.243167014492919e-01	-9.551796e-01	-4.915566e-01
3.245599615317133e-01	-9.813297e-01	-5.591435e-01
3.248034505229551e-01	-9.962658e-01	-6.193253e-01
3.251063213884858e-01	-9.989069e-01	-6.841933e-01
3.253873864569803e-01	-9.855202e-01	-7.321106e-01
3.258438983148444e-01	-9.319051e-01	-7.801017e-01
3.265763299624080e-01	-7.691373e-01	-7.909260e-01
3.274552362124080e-01	-4.714437e-01	-7.064791e-01
3.283341424624079e-01	-1.041745e-01	-5.231525e-01
3.292130487124079e-01	2.784686e-01	-2.628669e-01
3.300919549624079e-01	6.200155e-01	3.607240e-02
3.309708612124079e-01	8.700608e-01	3.377654e-01
3.313687910090651e-01	9.426038e-01	4.648612e-01
3.316350658223362e-01	9.751635e-01	5.413638e-01
3.318637418547005e-01	9.924743e-01	6.005725e-01
3.320807441074121e-01	9.996269e-01	6.506033e-01
3.323340517386802e-01	9.964664e-01	7.005323e-01
3.326683270274931e-01	9.734119e-01	7.505288e-01
3.332098438554840e-01	8.918918e-01	7.908728e-01
3.340701994783901e-01	6.617173e-01	7.684978e-01
3.349491057283901e-01	3.302267e-01	6.445693e-01
3.358280119783901e-01	-4.999857e-02	4.265145e-01
3.367069182283901e-01	-4.228451e-01	1.457241e-01
3.375858244783900e-01	-7.332883e-01	-1.583315e-01
3.383048126854725e-01	-9.083716e-01	-4.002370e-01
3.386253361704636e-01	-9.581153e-01	-4.988169e-01
3.388628522988885e-01	-9.827547e-01	-5.641665e-01
3.391099146842292e-01	-9.970123e-01	-6.243937e-01
3.394345485165408e-01	-9.978582e-01	-6.922279e-01
3.397422827632171e-01	-9.799055e-01	-7.419163e-01
3.402415148173726e-01	-9.129327e-01	-7.866901e-01
3.410388150510784e-01	-7.171766e-01	-7.820067e-01
3.419177213010784e-01	-4.015230e-01	-6.773526e-01
3.427966275510784e-01	-2.661288e-02	-4.759225e-01
3.436755338010783e-01	3.522248e-01	-2.044942e-01
3.445544400510783e-01	6.790813e-01	9.697842e-02
3.454333463010783e-01	9.057192e-01	3.944809e-01
3.457577293226867e-01	9.567871e-01	4.951346e-01
3.459978645285281e-01	9.821108e-01	5.615550e-01
3.462432894492425e-01	9.966815e-01	6.216826e-01
3.465738624574570e-01	9.979590e-01	6.911297e-01
3.468793751002973e-01	9.804081e-01	7.408288e-01
3.473750568931149e-01	9.145970e-01	7.859983e-01
3.481670090095786e-01	7.216560e-01	7.827858e-01
3.490459152595786e-01	4.074211e-01	6.798465e-01
3.499248215095786e-01	3.305920e-02	4.799081e-01
3.508037277595786e-01	-3.461816e-01	2.093623e-01
3.516826340095786e-01	-6.743330e-01	-9.195811e-02
3.525615402595785e-01	-9.029667e-01	-3.898923e-01
3.528898890955240e-01	-9.554083e-01	-4.920638e-01
3.531327074167780e-01	-9.814410e-01	-5.594853e-01
3.533764689096444e-01	-9.963259e-01	-6.194232e-01
3.537131013342039e-01	-9.980593e-01	-6.904305e-01
3.540163450790302e-01	-9.809148e-01	-7.400622e-01
3.545083993891467e-01	-9.162812e-01	-7.855372e-01
3.552948787929874e-01	-7.262034e-01	-7.837105e-01
3.561737850429874e-01	-4.134321e-01	-6.824588e-01
3.570526912929874e-01	-3.964662e-02	-4.840136e-01
3.579315975429874e-01	3.399899e-01	-2.143587e-01
3.588105037929873e-01	6.694509e-01	8.680606e-02
3.596894100429873e-01	9.001146e-01	3.851776e-01
3.600218279787862e-01	9.539794e-01	4.889110e-01
3.602673907645417e-01	9.807453e-01	5.573611e-01
3.605094656452564e-01	9.959452e-01	6.174338e-01
3.608103959909809e-01	9.991067e-01	6.822947e-01
3.610850515903977e-01	9.867333e-01	7.297229e-01
3.615312652622502e-01	9.361339e-01	7.782648e-01
3.622478991301144e-01	7.810078e-01	7.924145e-01
3.631268053801144e-01	4.879283e-01	7.129099e-01
3.640057116301144e-01	1.228405e-01	5.341170e-01
3.648846178801143e-01	-2.603759e-01	2.767561e-01
3.657635241301143e-01	-6.051663e-01	-2.130297e-02
3.666424303801143e-01	-8.606465e-01	-3.236602e-01
3.670669431081258e-01	-9.402107e-01	-4.599758e-01
3.673373558770351e-01	-9.739814e-01	-5.381763e-01
3.675631102244526e-01	-9.916495e-01	-5.969418e-01
3.677862679564498e-01	-9.995142e-01	-6.486471e-01
3.680450784724528e-01	-9.965857e-01	-6.999263e-01
3.683773131965901e-01	-9.739432e-01	-7.499190e-01
3.689155878693249e-01	-8.935845e-01	-7.906427e-01
3.697711522426526e-01	-6.661025e-01	-7.696990e-01
3.706500584926526e-01	-3.357562e-01	-6.472188e-01
3.715289647426526e-01	4.414094e-02	-4.303901e-01
3.724078709926525e-01	4.175237e-01	-1.502573e-01
3.732867772426525e-01	7.292886e-01	1.536945e-01
3.740135938386876e-01	9.073566e-01	3.984618e-01
3.743355988769472e-01	9.576070e-01	4.976404e-01
3.745741213023578e-01	9.825085e-01	5.633672e-01
3.748205529453820e-01	9.968870e-01	6.235273e-01
3.751474715498846e-01	9.978973e-01	6.919481e-01
3.754543514159348e-01	9.800995e-01	7.416167e-01
3.759522183060648e-01	9.135746e-01	7.865139e-01
3.767474630075298e-01	7.189023e-01	7.823647e-01
3.776263692575297e-01	4.037927e-01	6.783460e-01
3.785052755075297e-01	2.909153e-02	4.774750e-01
3.793841817575297e-01	-3.499030e-01	2.063769e-01
3.802630880075297e-01	-6.772590e-01	-9.504298e-02
3.811419942575296e-01	-9.046654e-01	-3.927154e-01
3.814679002948307e-01	-9.562593e-01	-4.939523e-01
3.817090668834577e-01	-9.818546e-01	-5.607575e-01
3.819538506954271e-01	-9.965467e-01	-6.208125e-01
3.822867559329268e-01	-9.979979e-01	-6.908593e-01
3.825913955747276e-01	-9.806038e-01	-7.405333e-01
3.830856818209954e-01	-9.152469e-01	-7.858219e-01
3.838755294884123e-01	-7.234090e-01	-7.831449e-01
3.847544357384123e-01	-4.097355e-01	-6.808545e-01
3.856333419884123e-01	-3.559339e-02	-4.814897e-01
3.865122482384122e-01	3.438016e-01	-2.112852e-01
3.873911544884122e-01	6.724584e-01	8.997678e-02
3.882700607384122e-01	9.018742e-01	3.880806e-01
3.885999729704504e-01	9.548610e-01	4.908518e-01
3.888438467700914e-01	9.811746e-01	5.586685e-01
3.890869578347737e-01	9.961815e-01	6.188214e-01
3.893893109982666e-01	9.989621e-01	6.836882e-01
3.896686659263096e-01	9.858490e-01	7.314780e-01
3.901224311955653e-01	9.330461e-01	7.796237e-01
3.908506553140670e-01	7.723289e-01	7.913499e-01
3.917295615640670e-01	4.758552e-01	7.082180e-01
3.926084678140669e-01	1.091551e-01	5.260940e-01
3.934873740640669e-01	-2.736542e-01	2.665792e-01
3.943662803140669e-01	-6.160776e-01	-3.213568e-02
3.952451865640669e-01	-8.675807e-01	-3.340139e-01
3.956502105325250e-01	-9.419714e-01	-4.635635e-01
3.959175854267133e-01	-9.748513e-01	-5.405170e-01
3.961454839079035e-01	-9.922588e-01	-5.996366e-01
3.963601386091535e-01	-9.995471e-01	-6.492283e-01
3.966174154402944e-01	-9.965526e-01	-7.000789e-01
3.969502189685707e-01	-9.737956e-01	-7.500761e-01
3.974893975406147e-01	-8.931139e-01	-7.906983e-01
3.983462984440946e-01	-6.648821e-01	-7.693610e-01
3.992252046940946e-01	-3.342155e-01	-6.464790e-01
4.001041109440946e-01	4.577439e-02	-4.293090e-01
4.009830171940946e-01	4.190089e-01	-1.489928e-01
4.018619234440945e-01	7.304063e-01	1.549883e-01
4.025865590088661e-01	9.076405e-01	3.989580e-01
4.029081502616510e-01	9.577492e-01	4.979693e-01
4.031463917515863e-01	9.825774e-01	5.635906e-01
4.033929992833112e-01	9.969223e-01	6.237695e-01
4.037192803856763e-01	9.978864e-01	6.920264e-01
4.040263986751694e-01	9.800454e-01	7.417005e-01
4.045246465518301e-01	9.133956e-01	7.865634e-01
4.053204650260055e-01	7.184212e-01	7.822654e-01
4.061993712760055e-01	4.031595e-01	6.780692e-01
4.070782775260055e-01	2.839978e-02	4.770420e-01
4.079571837760055e-01	-3.505512e-01	2.058516e-01
4.088360900260055e-01	-6.777679e-01	-9.558319e-02
4.097149962760054e-01	-9.049601e-01	-3.932084e-01
4.100404770308794e-01	-9.564069e-01	-4.942824e-01
4.102813557408377e-01	-9.819263e-01	-5.609801e-01
4.105263182864242e-01	-9.965846e-01	-6.210554e-01
4.108585729307200e-01	-9.979870e-01	-6.909348e-01
4.111634561380498e-01	-9.805493e-01	-7.406158e-01
4.116581317636420e-01	-9.150658e-01	-7.858713e-01
4.124485667294419e-01	-7.229204e-01	-7.830452e-01
4.133274729794418e-01	-4.090900e-01	-6.805736e-01
4.142063792294418e-01	-3.488630e-02	-4.810486e-01
4.150852854794418e-01	3.444659e-01	-2.107488e-01
4.159641917294418e-01	6.729819e-01	9.052969e-02
4.168430979794417e-01	9.021797e-01	3.885863e-01
4.171725737427064e-01	9.550141e-01	4.911901e-01
4.174161530023646e-01	9.812492e-01	5.588964e-01
4.176594453506127e-01	9.962221e-01	6.190633e-01
4.179620469271358e-01	9.989358e-01	6.839307e-01
4.182422224287386e-01	9.856917e-01	7.317819e-01
4.186973056912662e-01	9.324998e-01	7.798542e-01
4.194275493923194e-01	7.707997e-01	7.911490e-01
4.203064556423194e-01	4.737396e-01	7.073857e-01
4.211853618923194e-01	1.067653e-01	5.246840e-01
4.220642681423193e-01	-2.759655e-01	2.647985e-01
4.229431743923193e-01	-6.179693e-01	-3.402501e-02
4.238220806423193e-01	-8.687736e-01	-3.358151e-01
4.242237007305923e-01	-9.422754e-01	-4.641867e-01
4.244905474200457e-01	-9.750014e-01	-5.409236e-01
4.247188191693337e-01	-9.923626e-01	-6.000888e-01
4.249342169925985e-01	-9.995815e-01	-6.498066e-01
4.251898296230056e-01	-9.965166e-01	-7.002685e-01
4.255232502831061e-01	-9.736350e-01	-7.502658e-01
4.260634094188390e-01	-8.926022e-01	-7.907719e-01
4.269217595556599e-01	-6.635562e-01	-7.690004e-01
4.278006658056598e-01	-3.325434e-01	-6.456794e-01
4.286795720556598e-01	4.754606e-02	-4.281379e-01
4.295584783056598e-01	4.206187e-01	-1.476222e-01
4.304373845556598e-01	7.316166e-01	1.563906e-01
4.311596527975397e-01	9.079476e-01	3.994949e-01
4.314807958131335e-01	9.579030e-01	4.983251e-01
4.317187328764687e-01	9.826519e-01	5.638324e-01
4.319655311795546e-01	9.969602e-01	6.240315e-01
4.322911211629605e-01	9.978746e-01	6.921110e-01
4.325984979000848e-01	9.799868e-01	7.417912e-01
4.330971587398726e-01	9.132016e-01	7.866167e-01
4.338935990392561e-01	7.178992e-01	7.821571e-01
4.347725052892560e-01	4.024730e-01	6.777688e-01
4.356514115392560e-01	2.764998e-02	4.765725e-01
4.365303177892560e-01	-3.512536e-01	2.052821e-01
4.374092240392560e-01	-6.783193e-01	-9.616869e-02
4.382881302892560e-01	-9.052790e-01	-3.937425e-01
4.386131502799628e-01	-9.565666e-01	-4.946400e-01
4.388537169868695e-01	-9.820038e-01	-5.612214e-01
4.390988734295903e-01	-9.966254e-01	-6.213186e-01
4.394304226311231e-01	-9.979753e-01	-6.910166e-01
4.397355699073995e-01	-9.804901e-01	-7.407053e-01
4.402306676688396e-01	-9.148693e-01	-7.859248e-01
4.410217392309640e-01	-7.223902e-01	-7.829367e-01
4.419006454809640e-01	-4.083900e-01	-6.802688e-01
4.427795517309640e-01	-3.411974e-02	-4.805703e-01
4.436584579809640e-01	3.451858e-01	-2.101672e-01
4.445373642309640e-01	6.735491e-01	9.112903e-02
4.454162704809639e-01	9.025102e-01	3.891344e-01
4.457452732822122e-01	9.551797e-01	4.915567e-01
4.459885332630705e-01	9.813297e-01	5.591435e-01
4.462320223169170e-01	9.962658e-01	6.193254e-01
4.465348932681524e-01	9.989068e-01	6.841934e-01
4.468159586197685e-01	9.855201e-01	7.321107e-01
4.472724709322748e-01	9.319049e-01	7.801018e-01
4.480049032759548e-01	7.691368e-01	7.909260e-01
4.488838095259548e-01	4.714429e-01	7.064788e-01
4.497627157759548e-01	1.041737e-01	5.231521e-01
4.506416220259548e-01	-2.784694e-01	2.628662e-01
4.515205282759547e-01	-6.200162e-01	-3.607306e-02
4.523994345259547e-01	-8.700612e-01	-3.377660e-01
4.527973631480736e-01	-9.426039e-01	-4.648615e-01
4.530636377794560e-01	-9.751636e-01	-5.413639e-01
4.532923139404303e-01	-9.924743e-01	-6.005727e-01
4.535093167035855e-01	-9.996269e-01	-6.506036e-01
4.537626236015014e-01	-9.964663e-01	-7.005324e-01
4.540968991621973e-01	-9.734118e-01	-7.505289e-01
4.546384164220679e-01	-8.918915e-01	-7.908728e-01
4.554987726827071e-01	-6.617167e-01	-7.684976e-01
4.563776789327070e-01	-3.302260e-01	-6.445689e-01
4.572565851827070e-01	4.999935e-02	-4.265140e-01
4.581354914327070e-01	4.228458e-01	-1.457235e-01
4.590143976827070e-01	7.332888e-01	1.583321e-01
4.597333848460056e-01	9.083717e-01	4.002372e-01
4.600539081341276e-01	9.581153e-01	4.988171e-01
4.602914241287596e-01	9.827547e-01	5.641667e-01
4.605384865980934e-01	9.970123e-01	6.243938e-01
4.608631201263975e-01	9.978582e-01	6.922280e-01
4.611708544867348e-01	9.799054e-01	7.419164e-01
4.616700867224868e-01	9.129326e-01	7.866902e-01
4.624673872295434e-01	7.171763e-01	7.820067e-01
4.633462934795434e-01	4.015227e-01	6.773525e-01
4.642251997295434e-01	2.661255e-02	4.759223e-01
4.651041059795434e-01	-3.522251e-01	2.044939e-01
4.659830122295434e-01	-6.790815e-01	-9.697868e-02
4.668619184795433e-01	-9.057194e-01	-3.944812e-01
4.671863012987182e-01	-9.567872e-01	-4.951348e-01
4.674264363673918e-01	-9.821109e-01	-5.615551e-01
4.676718613735099e-01	-9.966815e-01	-6.216827e-01
4.680024340713030e-01	-9.979590e-01	-6.911297e-01
4.683079468303172e-01	-9.804080e-01	-7.408288e-01
4.688036288088295e-01	-9.145970e-01	-7.859984e-01
4.695955812052341e-01	-7.216558e-01	-7.827858e-01
4.704744874552341e-01	-4.074208e-01	-6.798463e-01
4.713533937052340e-01	-3.305887e-02	-4.799079e-01
4.722322999552340e-01	3.461819e-01	-2.093620e-01
4.731112062052340e-01	6.743333e-01	9.195837e-02
4.739901124552340e-01	9.029669e-01	3.898925e-01
4.743184610833199e-01	9.554085e-01	4.920639e-01
4.745612792641593e-01	9.814410e-01	5.594854e-01
4.748050408437027e-01	9.963259e-01	6.194233e-01
4.751416729518224e-01	9.980593e-01	6.904305e-01
4.754449168151999e-01	9.809148e-01	7.400622e-01
4.759369713148974e-01	9.162811e-01	7.855372e-01
4.767234510049725e-01	7.262032e-01	7.837104e-01
4.776023572549725e-01	4.134318e-01	6.824586e-01
4.784812635049724e-01	3.964628e-02	4.840134e-01
4.793601697549724e-01	-3.399902e-01	2.143584e-01
4.802390760049724e-01	-6.694511e-01	-8.680632e-02
4.811179822549724e-01	-9.001147e-01	-3.851778e-01
4.814503999776572e-01	-9.539794e-01	-4.889111e-01
4.816959626199013e-01	-9.807453e-01	-5.573612e-01
4.819380375884165e-01	-9.959452e-01	-6.174339e-01
4.822389680549162e-01	-9.991067e-01	-6.822948e-01
4.825136240531872e-01	-9.867333e-01	-7.297230e-01
4.829598383662371e-01	-9.361337e-01	-7.782649e-01
4.836764732195643e-01	-7.810071e-01	-7.924144e-01
4.845553794695642e-01	-4.879273e-01	-7.129095e-01
4.854342857195642e-01	-1.228394e-01	-5.341163e-01
4.863131919695642e-01	2.603771e-01	-2.767552e-01
4.871920982195642e-01	6.051672e-01	2.130388e-02
4.880710044695641e-01	8.606471e-01	3.236611e-01
4.884955155438983e-01	9.402108e-01	4.599761e-01
4.887659280540178e-01	9.739814e-01	5.381765e-01
4.889916825838966e-01	9.916496e-01	5.969420e-01
4.892148395926507e-01	9.995142e-01	6.486472e-01
4.894736499782595e-01	9.965857e-01	6.999263e-01
4.898058847507595e-01	9.739431e-01	7.499190e-01
4.903441595003537e-01	8.935844e-01	7.906427e-01
4.911997239873522e-01	6.661024e-01	7.696990e-01
4.920786302373522e-01	3.357560e-01	6.472187e-01
4.929575364873522e-01	-4.414108e-02	4.303900e-01
4.938364427373522e-01	-4.175239e-01	1.502572e-01
4.947153489873521e-01	-7.292887e-01	-1.536946e-01
4.954421653979816e-01	-9.073566e-01	-3.984619e-01
4.957641704010325e-01	-9.576070e-01	-4.976405e-01
4.960026928025422e-01	-9.825085e-01	-5.633672e-01
4.962491244605237e-01	-9.968870e-01	-6.235273e-01
4.965760430108019e-01	-9.978972e-01	-6.919481e-01
4.968829228971329e-01	-9.800995e-01	-7.416167e-01
4.973807898196713e-01	-9.135745e-01	-7.865139e-01
4.981760345699476e-01	-7.189023e-01	-7.823647e-01
4.990549408199476e-01	-4.037926e-01	-6.783460e-01
4.999338470699475e-01	-2.909147e-02	-4.774749e-01
5.008127533199476e-01	3.499030e-01	-2.063769e-01
5.016916595699475e-01	6.772590e-01	9.504303e-02
5.025705658199475e-01	9.046654e-01	3.927155e-01
5.028964718210642e-01	9.562593e-01	4.939523e-01
5.031376383852016e-01	9.818546e-01	5.607575e-01
5.033824222123687e-01	9.965467e-01	6.208126e-01
5.037153273945355e-01	9.979979e-01	6.908593e-01
5.040199670570527e-01	9.806038e-01	7.405333e-01
5.045142533364398e-01	9.152469e-01	7.858219e-01
5.053041010538144e-01	7.234090e-01	7.831449e-01
5.061830073038144e-01	4.097354e-01	6.808544e-01
5.070619135538144e-01	3.559333e-02	4.814896e-01
5.079408198038143e-01	-3.438016e-01	2.112852e-01
5.088197260538143e-01	-6.724585e-01	-8.997682e-02
5.096986323038143e-01	-9.018742e-01	-3.880806e-01
5.100285444987194e-01	-9.548610e-01	-4.908518e-01
5.102724182733064e-01	-9.811746e-01	-5.586686e-01
5.105155293534016e-01	-9.961815e-01	-6.188214e-01
5.108178825380213e-01	-9.989621e-01	-6.836882e-01
5.110972375358501e-01	-9.858490e-01	-7.314780e-01
5.115510029172031e-01	-9.330460e-01	-7.796237e-01
5.122792272075150e-01	-7.723288e-01	-7.913499e-01
5.131581334575149e-01	-4.758551e-01	-7.082179e-01
5.140370397075149e-01	-1.091549e-01	-5.260938e-01
5.149159459575149e-01	2.736543e-01	-2.665790e-01
5.157948522075149e-01	6.160778e-01	3.213584e-02
5.166737584575148e-01	8.675808e-01	3.340141e-01
5.170787821364977e-01	9.419714e-01	4.635635e-01
5.173461569857366e-01	9.748514e-01	5.405170e-01
5.175740554986855e-01	9.922588e-01	5.996366e-01
5.177887100739298e-01	9.995471e-01	6.492283e-01
5.180459868823328e-01	9.965526e-01	7.000789e-01
5.183787904190416e-01	9.737956e-01	7.500761e-01
5.189179690044847e-01	8.931139e-01	7.906983e-01
5.197748699277729e-01	6.648821e-01	7.693610e-01
5.206537761777729e-01	3.342155e-01	6.464790e-01
5.215326824277728e-01	-4.577441e-02	4.293090e-01
5.224115886777728e-01	-4.190090e-01	1.489928e-01
5.232904949277728e-01	-7.304063e-01	-1.549884e-01
5.240151304602045e-01	-9.076405e-01	-3.989580e-01
5.243367217068597e-01	-9.577492e-01	-4.979693e-01
5.245749631926327e-01	-9.825774e-01	-5.635907e-01
5.248215707269647e-01	-9.969223e-01	-6.237695e-01
5.251478518198827e-01	-9.978864e-01	-6.920264e-01
5.254549701129088e-01	-9.800454e-01	-7.417005e-01
5.259532179952149e-01	-9.133956e-01	-7.865634e-01
5.267490364778917e-01	-7.184212e-01	-7.822654e-01
5.276279427278917e-01	-4.031595e-01	-6.780692e-01
5.285068489778917e-01	-2.839977e-02	-4.770420e-01
5.293857552278917e-01	3.505512e-01	-2.058516e-01
5.302646614778916e-01	6.777680e-01	9.558320e-02
5.311435677278916e-01	9.049601e-01	3.932084e-01
5.314690484764651e-01	9.564069e-01	4.942824e-01
5.317099271821579e-01	9.819263e-01	5.609801e-01
5.319548897303940e-01	9.965846e-01	6.210554e-01
5.322871443650478e-01	9.979870e-01	6.909348e-01
5.325920275759871e-01	9.805493e-01	7.406158e-01
5.330867032073496e-01	9.150658e-01	7.858713e-01
5.338771381818521e-01	7.229204e-01	7.830452e-01
5.347560444318521e-01	4.090900e-01	6.805736e-01
5.356349506818521e-01	3.488629e-02	4.810486e-01
5.365138569318521e-01	-3.444659e-01	2.107488e-01
5.373927631818520e-01	-6.729819e-01	-9.052970e-02
5.382716694318520e-01	-9.021797e-01	-3.885863e-01
5.386011451886501e-01	-9.550141e-01	-4.911901e-01
5.388447244439437e-01	-9.812492e-01	-5.588964e-01
5.390880167948795e-01	-9.962221e-01	-6.190633e-01
5.393906183750843e-01	-9.989358e-01	-6.839307e-01
5.396707938888491e-01	-9.856917e-01	-7.317819e-01
5.401258771709097e-01	-9.324998e-01	-7.798542e-01
5.408561209018863e-01	-7.707997e-01	-7.911490e-01
5.417350271518863e-01	-4.737396e-01	-7.073857e-01
5.426139334018862e-01	-1.067652e-01	-5.246840e-01
5.434928396518862e-01	2.759655e-01	-2.647984e-01
5.443717459018862e-01	6.179693e-01	3.402504e-02
5.452506521518862e-01	8.687736e-01	3.358151e-01
5.456522721897078e-01	9.422754e-01	4.641867e-01
5.459191188713374e-01	9.750014e-01	5.409237e-01
5.461473906261554e-01	9.923626e-01	6.000888e-01
5.463627884713641e-01	9.995815e-01	6.498066e-01
5.466184010702464e-01	9.965166e-01	7.002685e-01
5.469518217420364e-01	9.736350e-01	7.502658e-01
5.474919808963414e-01	8.926022e-01	7.907719e-01
5.483503310606047e-01	6.635562e-01	7.690004e-01
5.492292373106047e-01	3.325433e-01	6.456793e-01
5.501081435606047e-01	-4.754609e-02	4.281379e-01
5.509870498106046e-01	-4.206187e-01	1.476222e-01
5.518659560606046e-01	-7.316166e-01	-1.563907e-01
5.525882242576340e-01	-9.079476e-01	-3.994949e-01
5.529093672647444e-01	-9.579030e-01	-4.983251e-01
5.531473043223170e-01	-9.826519e-01	-5.638324e-01
5.533941026290158e-01	-9.969602e-01	-6.240315e-01
5.537196925993362e-01	-9.978746e-01	-6.921110e-01
5.540270693413536e-01	-9.799868e-01	-7.417912e-01
5.545257301889597e-01	-9.132015e-01	-7.866167e-01
5.553221705001147e-01	-7.178991e-01	-7.821571e-01
5.562010767501147e-01	-4.024729e-01	-6.777688e-01
5.570799830001146e-01	-2.764997e-02	-4.765724e-01
5.579588892501146e-01	3.512536e-01	-2.052821e-01
5.588377955001146e-01	6.783193e-01	9.616870e-02
5.597167017501146e-01	9.052790e-01	3.937425e-01
5.600417217321002e-01	9.565666e-01	4.946401e-01
5.602822884331004e-01	9.820038e-01	5.612214e-01
5.605274448794937e-01	9.966254e-01	6.213186e-01
5.608589940676685e-01	9.979753e-01	6.910166e-01
5.611641413489450e-01	9.804901e-01	7.407053e-01
5.616592391183779e-01	9.148693e-01	7.859248e-01
5.624503106925548e-01	7.223902e-01	7.829367e-01
5.633292169425548e-01	4.083899e-01	6.802688e-01
5.642081231925548e-01	3.411972e-02	4.805703e-01
5.650870294425547e-01	-3.451859e-01	2.101671e-01
5.659659356925547e-01	-6.735491e-01	-9.112905e-02
5.668448419425547e-01	-9.025103e-01	-3.891344e-01
5.671738447348500e-01	-9.551797e-01	-4.915567e-01
5.674171047096633e-01	-9.813297e-01	-5.591435e-01
5.676605937672361e-01	-9.962658e-01	-6.193254e-01
5.679634647235725e-01	-9.989068e-01	-6.841934e-01
5.682445300920398e-01	-9.855201e-01	-7.321107e-01
5.687010424316059e-01	-9.319049e-01	-7.801018e-01
5.694334748167179e-01	-7.691368e-01	-7.909260e-01
5.703123810667179e-01	-4.714429e-01	-7.064788e-01
5.711912873167179e-01	-1.041737e-01	-5.231520e-01
5.720701935667178e-01	2.784694e-01	-2.628662e-01
5.729490998167178e-01	6.200162e-01	3.607310e-02
5.738280060667178e-01	8.700612e-01	3.377661e-01
5.742259346189295e-01	9.426039e-01	4.648615e-01
5.744922092394861e-01	9.751636e-01	5.413639e-01
5.747208854081152e-01	9.924743e-01	6.005727e-01
5.749378882016515e-01	9.996269e-01	6.506036e-01
5.751911950559190e-01	9.964663e-01	7.005324e-01
5.755254706327970e-01	9.734118e-01	7.505289e-01
5.760669879183727e-01	8.918915e-01	7.908728e-01
5.769273442169692e-01	6.617166e-01	7.684976e-01
5.778062504669692e-01	3.302259e-01	6.445689e-01
5.786851567169692e-01	-4.999939e-02	4.265140e-01
5.795640629669692e-01	-4.228458e-01	1.457235e-01
5.804429692169691e-01	-7.332889e-01	-1.583321e-01
5.811619563181426e-01	-9.083717e-01	-4.002373e-01
5.814824795945471e-01	-9.581153e-01	-4.988171e-01
5.817199955812160e-01	-9.827547e-01	-5.641667e-01
5.819670580555489e-01	-9.970123e-01	-6.243938e-01
5.822916915657589e-01	-9.978582e-01	-6.922280e-01
5.825994259328612e-01	-9.799054e-01	-7.419164e-01
5.830986581794215e-01	-9.129326e-01	-7.866902e-01
5.838959587027477e-01	-7.171763e-01	-7.820066e-01
5.847748649527477e-01	-4.015227e-01	-6.773524e-01
5.856537712027476e-01	-2.661253e-02	-4.759223e-01
5.865326774527476e-01	3.522251e-01	-2.044939e-01
5.874115837027476e-01	6.790815e-01	9.697869e-02
5.882904899527476e-01	9.057194e-01	3.944812e-01
5.886148727598738e-01	9.567872e-01	4.951348e-01
5.888550078203832e-01	9.821109e-01	5.615551e-01
5.891004328315844e-01	9.966815e-01	6.216827e-01
5.894310055109017e-01	9.979590e-01	6.911297e-01
5.897365182768303e-01	9.804080e-01	7.408288e-01
5.902322002663949e-01	9.145970e-01	7.859984e-01
5.910241526794611e-01	7.216558e-01	7.827858e-01
5.919030589294610e-01	4.074208e-01	6.798463e-01
5.927819651794610e-01	3.305884e-02	4.799079e-01
5.936608714294610e-01	-3.461819e-01	2.093620e-01
5.945397776794610e-01	-6.743333e-01	-9.195840e-02
5.954186839294610e-01	-9.029669e-01	-3.898926e-01
5.957470325451755e-01	-9.554085e-01	-4.920640e-01
5.959898507176575e-01	-9.814410e-01	-5.594854e-01
5.962336123023597e-01	-9.963259e-01	-6.194233e-01
5.965702443916455e-01	-9.980593e-01	-6.904305e-01
5.968734882620790e-01	-9.809148e-01	-7.400622e-01
5.973655427730600e-01	-9.162811e-01	-7.855372e-01
5.981520224801711e-01	-7.262032e-01	-7.837104e-01
5.990309287301711e-01	-4.134318e-01	-6.824586e-01
5.999098349801710e-01	-3.964625e-02	-4.840134e-01
6.007887412301710e-01	3.399902e-01	-2.143584e-01
6.016676474801710e-01	6.694511e-01	8.680634e-02
6.025465537301710e-01	9.001147e-01	3.851778e-01
6.028789714401717e-01	9.539794e-01	4.889112e-01
6.031245340738743e-01	9.807453e-01	5.573612e-01
6.033666090476154e-01	9.959452e-01	6.174339e-01
6.036675395213034e-01	9.991067e-01	6.822948e-01
6.039421955433135e-01	9.867332e-01	7.297230e-01
6.043884098945265e-01	9.361336e-01	7.782650e-01
6.051050448065067e-01	7.810071e-01	7.924144e-01
6.059839510565067e-01	4.879272e-01	7.129095e-01
6.068628573065067e-01	1.228393e-01	5.341163e-01
6.077417635565067e-01	-2.603771e-01	2.767552e-01
6.086206698065066e-01	-6.051673e-01	-2.130394e-02
6.094995760565066e-01	-8.606471e-01	-3.236611e-01
6.099240870324166e-01	-9.402108e-01	-4.599762e-01
6.101944995271334e-01	-9.739814e-01	-5.381765e-01
6.104202540678720e-01	-9.916496e-01	-5.969420e-01
6.106434110335798e-01	-9.995142e-01	-6.486472e-01
6.109022214114279e-01	-9.965857e-01	-6.999263e-01
6.112344561868064e-01	-9.739431e-01	-7.499190e-01
6.117727309409751e-01	-8.935844e-01	-7.906427e-01
6.126282954347391e-01	-6.661024e-01	-7.696990e-01
6.135072016847390e-01	-3.357560e-01	-6.472187e-01
6.143861079347390e-01	4.414109e-02	-4.303900e-01
6.152650141847390e-01	4.175239e-01	-1.502572e-01
6.161439204347390e-01	7.292887e-01	1.536946e-01
6.168707368343335e-01	9.073566e-01	3.984619e-01
6.171927418352887e-01	9.576070e-01	4.976405e-01
6.174312642353760e-01	9.825085e-01	5.633672e-01
6.176776958942476e-01	9.968870e-01	6.235273e-01
6.180046144412985e-01	9.978972e-01	6.919481e-01
6.183114943288365e-01	9.800995e-01	7.416167e-01
6.188093612533037e-01	9.135745e-01	7.865139e-01
6.196046060064850e-01	7.189023e-01	7.823647e-01
6.204835122564850e-01	4.037926e-01	6.783460e-01
6.213624185064850e-01	2.909147e-02	4.774749e-01
6.222413247564850e-01	-3.499030e-01	2.063769e-01
6.231202310064849e-01	-6.772590e-01	-9.504303e-02
6.239991372564849e-01	-9.046654e-01	-3.927155e-01
6.243250432554481e-01	-9.562593e-01	-4.939523e-01
6.245662098181280e-01	-9.818546e-01	-5.607575e-01
6.248109936461997e-01	-9.965467e-01	-6.208126e-01
6.251438988250733e-01	-9.979979e-01	-6.908593e-01
6.254485384888234e-01	-9.806038e-01	-7.405333e-01
6.259428247701818e-01	-9.152469e-01	-7.858219e-01
6.267326724905298e-01	-7.234090e-01	-7.831449e-01
6.276115787405298e-01	-4.097354e-01	-6.808544e-01
6.284904849905297e-01	-3.559333e-02	-4.814896e-01
6.293693912405297e-01	3.438016e-01	-2.112852e-01
6.302482974905297e-01	6.724585e-01	8.997683e-02
6.311272037405297e-01	9.018742e-01	3.880806e-01
6.314571159332246e-01	9.548610e-01	4.908518e-01
6.317009897063204e-01	9.811746e-01	5.586686e-01
6.319441007873329e-01	9.961815e-01	6.188214e-01
6.322464539732100e-01	9.989621e-01	6.836882e-01
6.325258089751923e-01	9.858490e-01	7.314780e-01
6.329795743632169e-01	9.330460e-01	7.796237e-01
6.337077986637544e-01	7.723288e-01	7.913499e-01
6.345867049137544e-01	4.758551e-01	7.082179e-01
6.354656111637543e-01	1.091549e-01	5.260938e-01
6.363445174137543e-01	-2.736544e-01	2.665790e-01
6.372234236637543e-01	-6.160778e-01	-3.213585e-02
6.381023299137543e-01	-8.675808e-01	-3.340141e-01
6.385073535755084e-01	-9.419714e-01	-4.635635e-01
6.387747284220722e-01	-9.748514e-01	-5.405170e-01
6.390026269369112e-01	-9.922588e-01	-5.996366e-01
6.392172815046561e-01	-9.995471e-01	-6.492283e-01
6.394745583117059e-01	-9.965526e-01	-7.000789e-01
6.398073618489165e-01	-9.737956e-01	-7.500761e-01
6.403465404351572e-01	-8.931139e-01	-7.906983e-01
6.412034413596244e-01	-6.648821e-01	-7.693610e-01
6.420823476096243e-01	-3.342155e-01	-6.464790e-01
6.429612538596243e-01	4.577441e-02	-4.293090e-01
6.438401601096243e-01	4.190090e-01	-1.489928e-01
6.447190663596243e-01	7.304063e-01	1.549884e-01
6.454437018901311e-01	9.076405e-01	3.989580e-01
6.457652931364216e-01	9.577492e-01	4.979693e-01
6.460035346219468e-01	9.825774e-01	5.635907e-01
6.462501421564339e-01	9.969223e-01	6.237695e-01
6.465764232487896e-01	9.978864e-01	6.920264e-01
6.468835415420261e-01	9.800454e-01	7.417005e-01
6.473817894246684e-01	9.133956e-01	7.865634e-01
6.481776079078514e-01	7.184212e-01	7.822654e-01
6.490565141578514e-01	4.031595e-01	6.780692e-01
6.499354204078513e-01	2.839977e-02	4.770420e-01
6.508143266578513e-01	-3.505512e-01	2.058516e-01
6.516932329078513e-01	-6.777680e-01	-9.558320e-02
6.525721391578513e-01	-9.049601e-01	-3.932084e-01
6.528976199060497e-01	-9.564069e-01	-4.942824e-01
6.531384986114884e-01	-9.819263e-01	-5.609801e-01
6.533834611598822e-01	-9.965846e-01	-6.210554e-01
6.537157157939619e-01	-9.979870e-01	-6.909348e-01
6.540205990051161e-01	-9.805493e-01	-7.406158e-01
6.545152746368221e-01	-9.150658e-01	-7.858713e-01
6.553057096118428e-01	-7.229204e-01	-7.830452e-01
6.561846158618427e-01	-4.090900e-01	-6.805736e-01
6.570635221118427e-01	-3.488629e-02	-4.810486e-01
6.579424283618427e-01	3.444659e-01	-2.107488e-01
6.588213346118427e-01	6.729819e-01	9.052970e-02
6.597002408618426e-01	9.021797e-01	3.885863e-01
6.600297166182557e-01	9.550141e-01	4.911901e-01
6.602732958732894e-01	9.812492e-01	5.588964e-01
6.605165882243852e-01	9.962221e-01	6.190633e-01
6.608191898048091e-01	9.989358e-01	6.839307e-01
6.610993653192979e-01	9.856917e-01	7.317819e-01
6.615544486025212e-01	9.324998e-01	7.798542e-01
6.622846923352791e-01	7.707997e-01	7.911490e-01
6.631635985852791e-01	4.737396e-01	7.073857e-01
6.640425048352790e-01	1.067652e-01	5.246840e-01
6.649214110852790e-01	-2.759655e-01	2.647984e-01
6.658003173352790e-01	-6.179693e-01	-3.402504e-02
6.666792235852790e-01	-8.687736e-01	-3.358151e-01
6.670808436200973e-01	-9.422754e-01	-4.641867e-01
6.673476903012613e-01	-9.750014e-01	-5.409237e-01
6.675759620564083e-01	-9.923626e-01	-6.000888e-01
6.677913599029233e-01	-9.995815e-01	-6.498066e-01
6.680469724999292e-01	-9.965166e-01	-7.002685e-01
6.683803931724150e-01	-9.736350e-01	-7.502658e-01
6.689205523278258e-01	-8.926022e-01	-7.907719e-01
6.697789024937226e-01	-6.635562e-01	-7.690004e-01
6.706578087437226e-01	-3.325433e-01	-6.456793e-01
6.715367149937226e-01	4.754609e-02	-4.281379e-01
6.724156212437226e-01	4.206187e-01	-1.476222e-01
6.732945274937225e-01	7.316166e-01	1.563907e-01
6.740167956880819e-01	9.079476e-01	3.994949e-01
6.743379386946873e-01	9.579030e-01	4.983251e-01
6.745758757519169e-01	9.826519e-01	5.638324e-01
6.748226740588309e-01	9.969602e-01	6.240315e-01
6.751482640283722e-01	9.978746e-01	6.921110e-01
6.754556407706809e-01	9.799868e-01	7.417912e-01
6.759543016187524e-01	9.132015e-01	7.866167e-01
6.767507419306081e-01	7.178991e-01	7.821571e-01
6.776296481806081e-01	4.024729e-01	6.777688e-01
6.785085544306081e-01	2.764997e-02	4.765724e-01
6.793874606806081e-01	-3.512536e-01	2.052821e-01
6.802663669306080e-01	-6.783193e-01	-9.616870e-02
6.811452731806080e-01	-9.052790e-01	-3.937425e-01
6.814702931620744e-01	-9.565666e-01	-4.946401e-01
6.817108598627230e-01	-9.820038e-01	-5.612214e-01
6.819560163093348e-01	-9.966254e-01	-6.213186e-01
6.822875654967144e-01	-9.979753e-01	-6.910166e-01
6.825927127782885e-01	-9.804901e-01	-7.407053e-01
6.830878105481969e-01	-9.148693e-01	-7.859248e-01
6.838788821230909e-01	-7.223902e-01	-7.829367e-01
6.847577883730909e-01	-4.083899e-01	-6.802688e-01
6.856366946230908e-01	-3.411972e-02	-4.805703e-01
6.865156008730908e-01	3.451859e-01	-2.101671e-01
6.873945071230908e-01	6.735491e-01	9.112905e-02
6.882734133730908e-01	9.025103e-01	3.891344e-01
6.886024161648534e-01	9.551797e-01	4.915567e-01
6.888456761393071e-01	9.813297e-01	5.591435e-01
6.890891651971016e-01	9.962658e-01	6.193254e-01
6.893920361537416e-01	9.989068e-01	6.841934e-01
6.896731015232115e-01	9.855201e-01	7.321107e-01
6.901296138643878e-01	9.319049e-01	7.801018e-01
6.908620462519652e-01	7.691368e-01	7.909260e-01
6.917409525019652e-01	4.714429e-01	7.064788e-01
6.926198587519652e-01	1.041737e-01	5.231520e-01
6.934987650019652e-01	-2.784694e-01	2.628662e-01
6.943776712519651e-01	-6.200162e-01	-3.607310e-02
6.952565775019651e-01	-8.700612e-01	-3.377661e-01
6.956545060500170e-01	-9.426039e-01	-4.648615e-01
6.959207806699292e-01	-9.751636e-01	-5.413639e-01
6.961494568390139e-01	-9.924743e-01	-6.005727e-01
6.963664596343578e-01	-9.996269e-01	-6.506036e-01
6.966197664860282e-01	-9.964663e-01	-7.005324e-01
6.969540420638690e-01	-9.734118e-01	-7.505289e-01
6.974955593509741e-01	-8.918915e-01	-7.908728e-01
6.983559156518289e-01	-6.617166e-01	-7.684976e-01
6.992348219018288e-01	-3.302259e-01	-6.445689e-01
7.001137281518288e-01	4.999940e-02	-4.265140e-01
7.009926344018288e-01	4.228458e-01	-1.457235e-01
7.018715406518288e-01	7.332889e-01	1.583321e-01
7.025905277493061e-01	9.083717e-01	4.002373e-01
7.029110510250135e-01	9.581153e-01	4.988171e-01
7.031485670112086e-01	9.827547e-01	5.641667e-01
7.033956294858391e-01	9.970123e-01	6.243938e-01
7.037202629949724e-01	9.978582e-01	6.922280e-01
7.040279973624771e-01	9.799054e-01	7.419164e-01
7.045272296096806e-01	9.129326e-01	7.866902e-01
7.053245301339749e-01	7.171763e-01	7.820066e-01
7.062034363839749e-01	4.015227e-01	6.773524e-01
7.070823426339748e-01	2.661253e-02	4.759223e-01
7.079612488839748e-01	-3.522251e-01	2.044939e-01
7.088401551339748e-01	-6.790815e-01	-9.697869e-02
7.097190613839748e-01	-9.057194e-01	-3.944812e-01
7.100434441903841e-01	-9.567872e-01	-4.951348e-01
7.102835792504077e-01	-9.821109e-01	-5.615551e-01
7.105290042619113e-01	-9.966815e-01	-6.216827e-01
7.108595769401292e-01	-9.979590e-01	-6.911297e-01
7.111650897064693e-01	-9.804080e-01	-7.408288e-01
7.116607716966915e-01	-9.145970e-01	-7.859984e-01
7.124527241107491e-01	-7.216557e-01	-7.827858e-01
7.133316303607491e-01	-4.074208e-01	-6.798463e-01
7.142105366107491e-01	-3.305884e-02	-4.799079e-01
7.150894428607490e-01	3.461819e-01	-2.093620e-01
7.159683491107490e-01	6.743333e-01	9.195840e-02
7.168472553607490e-01	9.029669e-01	3.898926e-01
7.171756039757273e-01	9.554085e-01	4.920640e-01
7.174184221477122e-01	9.814410e-01	5.594854e-01
7.176621837327216e-01	9.963259e-01	6.194233e-01
7.179988158208865e-01	9.980593e-01	6.904305e-01
7.183020596917399e-01	9.809148e-01	7.400622e-01
7.187941142033923e-01	9.162811e-01	7.855372e-01
7.195805939115173e-01	7.262032e-01	7.837104e-01
7.204595001615173e-01	4.134318e-01	6.824586e-01
7.213384064115173e-01	3.964625e-02	4.840134e-01
7.222173126615172e-01	-3.399902e-01	2.143584e-01
7.230962189115172e-01	-6.694511e-01	-8.680634e-02
7.239751251615172e-01	-9.001148e-01	-3.851778e-01
7.243075428707629e-01	-9.539794e-01	-4.889112e-01
7.245531055039572e-01	-9.807453e-01	-5.573612e-01
7.247951804780092e-01	-9.959452e-01	-6.174339e-01
7.250961109521249e-01	-9.991067e-01	-6.822948e-01
7.253707669755476e-01	-9.867332e-01	-7.297230e-01
7.258169813290313e-01	-9.361336e-01	-7.782650e-01
7.265336162445015e-01	-7.810071e-01	-7.924144e-01
7.274125224945015e-01	-4.879272e-01	-7.129095e-01
7.282914287445015e-01	-1.228393e-01	-5.341163e-01
7.291703349945015e-01	2.603771e-01	-2.767552e-01
7.300492412445014e-01	6.051673e-01	2.130394e-02
7.309281474945014e-01	8.606471e-01	3.236611e-01
7.313526584645550e-01	9.402108e-01	4.599762e-01
7.316230709583553e-01	9.739814e-01	5.381765e-01
7.318488254997402e-01	9.916496e-01	5.969420e-01
7.320719824628867e-01	9.995142e-01	6.486472e-01
7.323307928402729e-01	9.965857e-01	6.999263e-01
7.326630276158227e-01	9.739431e-01	7.499190e-01
7.332013023702636e-01	8.935844e-01	7.906427e-01
7.340568668644303e-01	6.661024e-01	7.696990e-01
7.349357731144303e-01	3.357560e-01	6.472187e-01
7.358146793644302e-01	-4.414109e-02	4.303900e-01
7.366935856144302e-01	-4.175239e-01	1.502572e-01
7.375724918644302e-01	-7.292887e-01	-1.536946e-01
7.382993082633680e-01	-9.073566e-01	-3.984619e-01
7.386213132641986e-01	-9.576070e-01	-4.976405e-01
7.388598356642012e-01	-9.825085e-01	-5.633672e-01
7.391062673231260e-01	-9.968870e-01	-6.235273e-01
7.394331858699846e-01	-9.978972e-01	-6.919481e-01
7.397400657575945e-01	-9.800995e-01	-7.416167e-01
7.402379326821767e-01	-9.135745e-01	-7.865139e-01
7.410331774355313e-01	-7.189023e-01	-7.823647e-01
7.419120836855313e-01	-4.037926e-01	-6.783460e-01
7.427909899355313e-01	-2.909147e-02	-4.774749e-01
7.436698961855313e-01	3.499030e-01	-2.063769e-01
7.445488024355312e-01	6.772590e-01	9.504303e-02
7.454277086855312e-01	9.046654e-01	3.927155e-01
7.457536146843660e-01	9.562593e-01	4.939523e-01
7.459947812469589e-01	9.818546e-01	5.607575e-01
7.462395650750844e-01	9.965467e-01	6.208126e-01
7.465724702537617e-01	9.979979e-01	6.908593e-01
7.468771099175854e-01	9.806038e-01	7.405333e-01
7.473713961990611e-01	9.152469e-01	7.858219e-01
7.481612439195862e-01	7.234090e-01	7.831449e-01
7.490401501695861e-01	4.097354e-01	6.808544e-01
7.499190564195861e-01	3.559333e-02	4.814896e-01
7.507979626695861e-01	-3.438016e-01	2.112852e-01
7.516768689195861e-01	-6.724585e-01	-8.997683e-02
7.525557751695860e-01	-9.018742e-01	-3.880806e-01
7.528856873621496e-01	-9.548610e-01	-4.908518e-01
7.531295611351566e-01	-9.811746e-01	-5.586686e-01
7.533726722162239e-01	-9.961815e-01	-6.188214e-01
7.536750254021761e-01	-9.989621e-01	-6.836882e-01
7.539543804044062e-01	-9.858490e-01	-7.314780e-01
7.544081457928289e-01	-9.330460e-01	-7.796237e-01
7.551363700939764e-01	-7.723288e-01	-7.913499e-01
7.560152763439764e-01	-4.758551e-01	-7.082179e-01
7.568941825939763e-01	-1.091549e-01	-5.260938e-01
7.577730888439763e-01	2.736544e-01	-2.665790e-01
7.586519950939763e-01	6.160778e-01	3.213585e-02
7.595309013439763e-01	8.675808e-01	3.340141e-01
7.599359250047026e-01	9.419714e-01	4.635635e-01
7.602032998511068e-01	9.748514e-01	5.405170e-01
7.604311983660587e-01	9.922588e-01	5.996366e-01
7.606458529333561e-01	9.995471e-01	6.492283e-01
7.609031297403250e-01	9.965526e-01	7.000789e-01
7.612359332775656e-01	9.737956e-01	7.500761e-01
7.617751118638537e-01	8.931139e-01	7.906983e-01
7.626320127883911e-01	6.648821e-01	7.693610e-01
7.635109190383911e-01	3.342155e-01	6.464790e-01
7.643898252883911e-01	-4.577441e-02	4.293090e-01
7.652687315383910e-01	-4.190090e-01	1.489928e-01
7.661476377883910e-01	-7.304063e-01	-1.549884e-01
7.668722733187833e-01	-9.076405e-01	-3.989580e-01
7.671938645650520e-01	-9.577492e-01	-4.979693e-01
7.674321060505626e-01	-9.825774e-01	-5.635907e-01
7.676787135850590e-01	-9.969223e-01	-6.237695e-01
7.680049946773810e-01	-9.978864e-01	-6.920264e-01
7.683121129706301e-01	-9.800454e-01	-7.417005e-01
7.688103608532924e-01	-9.133956e-01	-7.865634e-01
7.696061793365055e-01	-7.184212e-01	-7.822654e-01
7.704850855865055e-01	-4.031595e-01	-6.780692e-01
7.713639918365055e-01	-2.839977e-02	-4.770420e-01
7.722428980865055e-01	3.505512e-01	-2.058516e-01
7.731218043365055e-01	6.777680e-01	9.558320e-02
7.740007105865054e-01	9.049601e-01	3.932084e-01
7.743261913346814e-01	9.564069e-01	4.942824e-01
7.745670700401051e-01	9.819263e-01	5.609801e-01
7.748120325885082e-01	9.965846e-01	6.210554e-01
7.751442872225538e-01	9.979870e-01	6.909348e-01
7.754491704337209e-01	9.805493e-01	7.406158e-01
7.759438460654474e-01	9.150658e-01	7.858713e-01
7.767342810404990e-01	7.229204e-01	7.830452e-01
7.776131872904990e-01	4.090900e-01	6.805736e-01
7.784920935404990e-01	3.488629e-02	4.810486e-01
7.793709997904990e-01	-3.444659e-01	2.107488e-01
7.802499060404989e-01	-6.729819e-01	-9.052970e-02
7.811288122904989e-01	-9.021797e-01	-3.885863e-01
7.814582880468889e-01	-9.550141e-01	-4.911901e-01
7.817018673019070e-01	-9.812492e-01	-5.588964e-01
7.819451596530123e-01	-9.962221e-01	-6.190633e-01
7.822477612334492e-01	-9.989358e-01	-6.839307e-01
7.825279367479809e-01	-9.856917e-01	-7.317819e-01
7.829830200312734e-01	-9.324998e-01	-7.798542e-01
7.837132637641372e-01	-7.707997e-01	-7.911490e-01
7.845921700141372e-01	-4.737396e-01	-7.073857e-01
7.854710762641371e-01	-1.067652e-01	-5.246840e-01
7.863499825141371e-01	2.759655e-01	-2.647984e-01
7.872288887641371e-01	6.179693e-01	3.402504e-02
7.881077950141371e-01	8.687736e-01	3.358151e-01
7.885094150487769e-01	9.422754e-01	4.641867e-01
7.887762617299130e-01	9.750014e-01	5.409237e-01
7.890045334850797e-01	9.923626e-01	6.000888e-01
7.892199313316722e-01	9.995815e-01	6.498066e-01
7.894755439285666e-01	9.965166e-01	7.002685e-01
7.898089646010937e-01	9.736350e-01	7.502658e-01
7.903491237565700e-01	8.926022e-01	7.907719e-01
7.912074739225637e-01	6.635562e-01	7.690004e-01
7.920863801725637e-01	3.325433e-01	6.456793e-01
7.929652864225637e-01	-4.754609e-02	4.281379e-01
7.938441926725637e-01	-4.206187e-01	1.476222e-01
7.947230989225637e-01	-7.316166e-01	-1.563907e-01
7.954453671167647e-01	-9.079476e-01	-3.994949e-01
7.957665101233402e-01	-9.579030e-01	-4.983251e-01
7.960044471805493e-01	-9.826519e-01	-5.638324e-01
7.962512454874758e-01	-9.969602e-01	-6.240315e-01
7.965768354569711e-01	-9.978746e-01	-6.921110e-01
7.968842121992971e-01	-9.799868e-01	-7.417912e-01
7.973828730473962e-01	-9.132015e-01	-7.866167e-01
7.981793133592934e-01	-7.178991e-01	-7.821571e-01
7.990582196092934e-01	-4.024729e-01	-6.777688e-01
7.999371258592933e-01	-2.764997e-02	-4.765724e-01
8.008160321092933e-01	3.512536e-01	-2.052821e-01
8.016949383592933e-01	6.783193e-01	9.616870e-02
8.025738446092933e-01	9.052790e-01	3.937425e-01
8.028988645907289e-01	9.565666e-01	4.946401e-01
8.031394312913566e-01	9.820038e-01	5.612214e-01
8.033845877379814e-01	9.966254e-01	6.213186e-01
8.037161369253141e-01	9.979753e-01	6.910166e-01
8.040212842069058e-01	9.804901e-01	7.407053e-01
8.045163819768426e-01	9.148693e-01	7.859248e-01
8.053074535517792e-01	7.223902e-01	7.829367e-01
8.061863598017792e-01	4.083899e-01	6.802688e-01
8.070652660517792e-01	3.411972e-02	4.805703e-01
8.079441723017792e-01	-3.451859e-01	2.101671e-01
8.088230785517792e-01	-6.735491e-01	-9.112905e-02
8.097019848017791e-01	-9.025103e-01	-3.891344e-01
8.100309875935100e-01	-9.551797e-01	-4.915567e-01
8.102742475679422e-01	-9.813297e-01	-5.591435e-01
8.105177366257497e-01	-9.962658e-01	-6.193254e-01
8.108206075824076e-01	-9.989068e-01	-6.841934e-01
8.111016729519369e-01	-9.855201e-01	-7.321107e-01
8.115581852932086e-01	-9.319049e-01	-7.801018e-01
8.122906176809319e-01	-7.691368e-01	-7.909260e-01
8.131695239309319e-01	-4.714429e-01	-7.064788e-01
8.140484301809319e-01	-1.041737e-01	-5.231520e-01
8.149273364309318e-01	2.784694e-01	-2.628662e-01
8.158062426809318e-01	6.200162e-01	3.607310e-02
8.166851489309318e-01	8.700612e-01	3.377661e-01
8.170830774787374e-01	9.426039e-01	4.648615e-01
8.173493520986117e-01	9.751636e-01	5.413639e-01
8.175780282677233e-01	9.924743e-01	6.005727e-01
8.177950310631744e-01	9.996269e-01	6.506036e-01
8.180483379146909e-01	9.964663e-01	7.005324e-01
8.183826134925890e-01	9.734118e-01	7.505289e-01
8.189241307797849e-01	8.918915e-01	7.908728e-01
8.197844870807739e-01	6.617166e-01	7.684976e-01
8.206633933307739e-01	3.302259e-01	6.445689e-01
8.215422995807738e-01	-4.999940e-02	4.265140e-01
8.224212058307738e-01	-4.228458e-01	1.457235e-01
8.233001120807738e-01	-7.332889e-01	-1.583321e-01
8.240190991780315e-01	-9.083717e-01	-4.002373e-01
8.243396224536975e-01	-9.581153e-01	-4.988171e-01
8.245771384398644e-01	-9.827547e-01	-5.641667e-01
8.248242009145123e-01	-9.970123e-01	-6.243938e-01
8.251488344235819e-01	-9.978582e-01	-6.922280e-01
8.254565687911105e-01	-9.799054e-01	-7.419164e-01
8.259558010383521e-01	-9.129326e-01	-7.866902e-01
8.267531015627038e-01	-7.171763e-01	-7.820066e-01
8.276320078127037e-01	-4.015227e-01	-6.773524e-01
8.285109140627037e-01	-2.661253e-02	-4.759223e-01
8.293898203127037e-01	3.522251e-01	-2.044939e-01
8.302687265627037e-01	6.790815e-01	9.697869e-02
8.311476328127037e-01	9.057194e-01	3.944812e-01
8.314720156190705e-01	9.567872e-01	4.951348e-01
8.317121506790655e-01	9.821109e-01	5.615551e-01
8.319575756905871e-01	9.966815e-01	6.216827e-01
8.322881483687398e-01	9.979590e-01	6.911297e-01
8.325936611351044e-01	9.804080e-01	7.408288e-01
8.330893431253658e-01	9.145970e-01	7.859984e-01
8.338812955394824e-01	7.216557e-01	7.827858e-01
8.347602017894824e-01	4.074208e-01	6.798463e-01
8.356391080394824e-01	3.305884e-02	4.799079e-01
8.365180142894824e-01	-3.461819e-01	2.093620e-01
8.373969205394823e-01	-6.743333e-01	-9.195840e-02
8.382758267894823e-01	-9.029669e-01	-3.898926e-01
8.386041754044168e-01	-9.554085e-01	-4.920640e-01
8.388469935763719e-01	-9.814410e-01	-5.594854e-01
8.390907551613994e-01	-9.963259e-01	-6.194233e-01
8.394273872494978e-01	-9.980593e-01	-6.904305e-01
8.397306311203762e-01	-9.809148e-01	-7.400622e-01
8.402226856320686e-01	-9.162811e-01	-7.855372e-01
8.410091653402539e-01	-7.262032e-01	-7.837104e-01
8.418880715902539e-01	-4.134318e-01	-6.824586e-01
8.427669778402539e-01	-3.964625e-02	-4.840134e-01
8.436458840902539e-01	3.399902e-01	-2.143584e-01
8.445247903402539e-01	6.694511e-01	8.680634e-02
8.454036965902538e-01	9.001148e-01	3.851778e-01
8.457361142994546e-01	9.539794e-01	4.889112e-01
8.459816769326187e-01	9.807453e-01	5.573612e-01
8.462237519066892e-01	9.959452e-01	6.174339e-01
8.465246823808303e-01	9.991067e-01	6.822948e-01
8.467993384043371e-01	9.867332e-01	7.297230e-01
8.472455527579560e-01	9.361336e-01	7.782650e-01
8.479621876736341e-01	7.810071e-01	7.924144e-01
8.488410939236340e-01	4.879272e-01	7.129095e-01
8.497200001736340e-01	1.228393e-01	5.341163e-01
8.505989064236340e-01	-2.603771e-01	2.767552e-01
8.514778126736340e-01	-6.051673e-01	-2.130394e-02
8.523567189236340e-01	-8.606471e-01	-3.236611e-01
8.527812298933387e-01	-9.402108e-01	-4.599762e-01
8.530516423870845e-01	-9.739814e-01	-5.381765e-01
8.532773969285078e-01	-9.916496e-01	-5.969420e-01
8.535005538915018e-01	-9.995142e-01	-6.486472e-01
8.537593642688606e-01	-9.965857e-01	-6.999263e-01
8.540915990444204e-01	-9.739431e-01	-7.499190e-01
8.546298737988776e-01	-8.935844e-01	-7.906427e-01
8.554854382930681e-01	-6.661024e-01	-7.696990e-01
8.563643445430681e-01	-3.357560e-01	-6.472187e-01
8.572432507930681e-01	4.414109e-02	-4.303900e-01
8.581221570430680e-01	4.175239e-01	-1.502572e-01
8.590010632930680e-01	7.292887e-01	1.536946e-01
8.597278796919668e-01	9.073566e-01	3.984619e-01
8.600498846927900e-01	9.576070e-01	4.976405e-01
8.602884070927875e-01	9.825085e-01	5.633672e-01
8.605348387517152e-01	9.968870e-01	6.235273e-01
8.608617572985627e-01	9.978972e-01	6.919481e-01
8.611686371861768e-01	9.800995e-01	7.416167e-01
8.616665041107655e-01	9.135745e-01	7.865139e-01
8.624617488641300e-01	7.189023e-01	7.823647e-01
8.633406551141299e-01	4.037926e-01	6.783460e-01
8.642195613641299e-01	2.909147e-02	4.774749e-01
8.650984676141299e-01	-3.499030e-01	2.063769e-01
8.659773738641299e-01	-6.772590e-01	-9.504303e-02
8.668562801141299e-01	-9.046654e-01	-3.927155e-01
8.671821861129574e-01	-9.562593e-01	-4.939523e-01
8.674233526755454e-01	-9.818546e-01	-5.607575e-01
8.676681365036739e-01	-9.965467e-01	-6.208126e-01
8.680010416823399e-01	-9.979979e-01	-6.908593e-01
8.683056813461677e-01	-9.806038e-01	-7.405333e-01
8.687999676276502e-01	-9.152469e-01	-7.858219e-01
8.695898153481855e-01	-7.234090e-01	-7.831449e-01
8.704687215981854e-01	-4.097354e-01	-6.808544e-01
8.713476278481854e-01	-3.559333e-02	-4.814896e-01
8.722265340981854e-01	3.438016e-01	-2.112852e-01
8.731054403481854e-01	6.724585e-01	8.997683e-02
8.739843465981854e-01	9.018742e-01	3.880806e-01
8.743142587907412e-01	9.548610e-01	4.908518e-01
8.745581325637430e-01	9.811746e-01	5.586686e-01
8.748012436448133e-01	9.961815e-01	6.188214e-01
8.751035968307695e-01	9.989621e-01	6.836882e-01
8.753829518330134e-01	9.858490e-01	7.314780e-01
8.758367172214582e-01	9.330460e-01	7.796237e-01
8.765649415226395e-01	7.723288e-01	7.913499e-01
8.774438477726395e-01	4.758551e-01	7.082179e-01
8.783227540226395e-01	1.091549e-01	5.260938e-01
8.792016602726395e-01	-2.736544e-01	2.665790e-01
8.800805665226394e-01	-6.160778e-01	-3.213585e-02
8.809594727726394e-01	-8.675808e-01	-3.340141e-01
8.813644964333086e-01	-9.419714e-01	-4.635635e-01
8.816318712797038e-01	-9.748514e-01	-5.405170e-01
8.818597697946619e-01	-9.922588e-01	-5.996366e-01
8.820744243619345e-01	-9.995471e-01	-6.492283e-01
8.823317011688990e-01	-9.965526e-01	-7.000789e-01
8.826645047061412e-01	-9.737956e-01	-7.500761e-01
8.832036832924320e-01	-8.931139e-01	-7.906983e-01
8.840605842169732e-01	-6.648821e-01	-7.693610e-01
8.849394904669732e-01	-3.342155e-01	-6.464790e-01
8.858183967169732e-01	4.577441e-02	-4.293090e-01
8.866973029669731e-01	4.190090e-01	-1.489928e-01
8.875762092169731e-01	7.304063e-01	1.549884e-01
8.883008447473592e-01	9.076405e-01	3.989580e-01
8.886224359936266e-01	9.577492e-01	4.979693e-01
8.888606774791363e-01	9.825774e-01	5.635907e-01
8.891072850136332e-01	9.969223e-01	6.237695e-01
8.894335661059536e-01	9.978864e-01	6.920264e-01
8.897406843992033e-01	9.800454e-01	7.417005e-01
8.902389322818667e-01	9.133956e-01	7.865634e-01
8.910347507650815e-01	7.184212e-01	7.822654e-01
8.919136570150815e-01	4.031595e-01	6.780692e-01
8.927925632650815e-01	2.839977e-02	4.770420e-01
8.936714695150815e-01	-3.505512e-01	2.058516e-01
8.945503757650815e-01	-6.777680e-01	-9.558320e-02
8.954292820150814e-01	-9.049601e-01	-3.932084e-01
8.957547627632563e-01	-9.564069e-01	-4.942824e-01
8.959956414686792e-01	-9.819263e-01	-5.609801e-01
8.962406040170829e-01	-9.965846e-01	-6.210554e-01
8.965728586511265e-01	-9.979870e-01	-6.909348e-01
8.968777418622943e-01	-9.805493e-01	-7.406158e-01
8.973724174940220e-01	-9.150658e-01	-7.858713e-01
8.981628524690753e-01	-7.229204e-01	-7.830452e-01
8.990417587190753e-01	-4.090900e-01	-6.805736e-01
8.999206649690753e-01	-3.488629e-02	-4.973817e-01
9.000000000000000e-01	5.885733e-15	-4.762737e-01
